L1    (CLK0)              : INPUT     :  1 1 0 1 1 1 1 0 0 0 1 0 1 1 1 1 0 ! 

D12   (CLK10)             : INPUT     :  1 1 1 1 1 1 1 1 1 1 1 1 1 1 1 1 1 

E12   (CLK11)             : INPUT     :  1 1 1 1 1 1 1 1 1 1 1 1 1 1 1 1 1 

V12   (CLK12)             : INPUT     :  1 1 1 1 1 1 1 1 1 1 1 1 1 1 1 1 1 

W12   (CLK13)             : INPUT     :  1 1 1 1 1 1 1 1 1 1 1 1 1 1 1 1 1 

U12   (CLK14)             : INPUT     :  1 1 1 1 1 1 1 1 1 1 1 1 1 1 1 1 1 

U11   (CLK15)             : INPUT     :  1 1 1 1 1 1 1 1 1 1 1 1 1 1 1 1 1 

M1    (CLK2)              : INPUT     :  1 1 1 1 1 1 1 1 1 1 1 1 1 1 1 1 1 

M2    (CLK3)              : INPUT     :  1 1 1 1 1 1 1 1 1 1 1 1 1 1 1 1 1 

L22   (CLK4)              : INPUT     :  1 1 1 1 1 1 1 1 1 1 1 1 1 1 1 1 1 

L21   (CLK5)              : INPUT     :  1 1 1 1 1 1 1 1 1 1 1 1 1 1 1 1 1 

M22   (CLK6)              : INPUT     :  0 1 0 1 1 0 0 1 0 0 1 0 1 1 1 0 0 ! 

M21   (CLK7)              : INPUT     :  1 1 1 1 1 1 1 1 1 1 1 1 1 1 1 1 1 

B12   (CLK8)              : INPUT     :  1 1 1 1 1 1 1 1 1 1 1 1 1 1 1 1 1 

A12   (CLK9)              : INPUT     :  0 1 0 1 1 0 0 1 0 0 1 0 1 1 1 0 0 ! 

K4    (DATA0)             : INPUT     :  1 1 1 1 1 1 1 1 1 1 1 1 1 1 1 1 1 

L6    (DCLK)              : INPUT     :  1 1 1 1 1 1 1 1 1 1 1 1 1 1 1 1 1 
L6    (DCLK)              : OUTPUT3   :  0 0 0 0 0 0 0 0 0 0 0 0 0 0 0 0 0 
L6    (DCLK)              : CONTROL   :  1 1 1 1 1 1 1 1 1 1 1 1 1 1 1 1 1 

A11   (IOA11)             : INPUT     :  1 1 1 1 1 1 1 1 1 1 1 1 1 1 1 1 1 
A11   (IOA11)             : OUTPUT3   :  0 0 0 0 0 0 0 0 0 0 0 0 0 0 0 0 0 
A11   (IOA11)             : CONTROL   :  0 0 0 0 0 0 0 0 0 0 0 0 0 0 0 0 0 

A18   (IOA18)             : INPUT     :  1 1 1 1 1 1 1 1 1 1 1 1 1 1 1 1 1 
A18   (IOA18)             : OUTPUT3   :  0 0 0 0 0 0 0 0 0 0 0 0 0 0 0 0 0 
A18   (IOA18)             : CONTROL   :  0 0 0 0 0 0 0 0 0 0 0 0 0 0 0 0 0 

A6    (IOA6)              : INPUT     :  1 1 1 1 1 1 1 1 1 1 1 1 1 1 1 1 1 
A6    (IOA6)              : OUTPUT3   :  0 0 0 0 0 0 0 0 0 0 0 0 0 0 0 0 0 
A6    (IOA6)              : CONTROL   :  0 0 0 0 0 0 0 0 0 0 0 0 0 0 0 0 0 

A8    (IOA8)              : INPUT     :  1 1 1 1 1 1 1 1 1 1 1 1 1 1 1 1 1 
A8    (IOA8)              : OUTPUT3   :  0 0 0 0 0 0 0 0 0 0 0 0 0 0 0 0 0 
A8    (IOA8)              : CONTROL   :  0 0 0 0 0 0 0 0 0 0 0 0 0 0 0 0 0 

AA16  (IOAA16)            : INPUT     :  1 1 1 1 1 1 1 1 1 1 1 1 1 1 1 1 1 
AA16  (IOAA16)            : OUTPUT3   :  0 0 0 0 0 0 0 0 0 0 0 0 0 0 0 0 0 
AA16  (IOAA16)            : CONTROL   :  0 0 0 0 0 0 0 0 0 0 0 0 0 0 0 0 0 

AA18  (IOAA18)            : INPUT     :  1 1 1 1 1 1 1 1 1 1 1 1 1 1 1 1 1 
AA18  (IOAA18)            : OUTPUT3   :  1 1 1 1 1 1 1 1 1 1 1 1 1 1 1 1 1 
AA18  (IOAA18)            : CONTROL   :  0 0 0 0 0 0 0 0 0 0 0 0 0 0 0 0 0 

AA20  (IOAA20)            : INPUT     :  1 1 1 1 1 1 1 1 1 1 1 1 1 1 1 1 1 
AA20  (IOAA20)            : OUTPUT3   :  1 1 1 1 1 1 1 1 1 1 1 1 1 1 1 1 1 
AA20  (IOAA20)            : CONTROL   :  0 0 0 0 0 0 0 0 0 0 0 0 0 0 0 0 0 

AA3   (IOAA3)             : INPUT     :  1 1 1 1 1 1 1 1 1 1 1 1 1 1 1 1 1 
AA3   (IOAA3)             : OUTPUT3   :  1 1 1 1 1 1 1 1 1 1 1 1 1 1 1 1 1 
AA3   (IOAA3)             : CONTROL   :  1 1 1 1 1 1 1 1 1 1 1 1 1 1 1 1 1 

AA4   (IOAA4)             : INPUT     :  0 0 0 0 1 0 0 0 1 0 0 1 0 0 0 0 0 ! 
AA4   (IOAA4)             : OUTPUT3   :  1 1 1 1 1 1 1 1 1 1 1 1 1 1 1 1 1 
AA4   (IOAA4)             : CONTROL   :  1 1 1 1 1 1 1 1 1 1 1 1 1 1 1 1 1 

AB11  (IOAB11)            : INPUT     :  1 1 1 1 1 1 1 1 1 1 1 1 1 1 1 1 1 
AB11  (IOAB11)            : OUTPUT3   :  1 1 1 1 1 1 1 1 1 1 1 1 1 1 1 1 1 
AB11  (IOAB11)            : CONTROL   :  1 1 1 1 1 1 1 1 1 1 1 1 1 1 1 1 1 

AB12  (IOAB12)            : INPUT     :  1 1 1 1 1 1 1 1 1 1 1 1 1 1 1 1 1 
AB12  (IOAB12)            : OUTPUT3   :  0 0 0 0 0 0 0 0 0 0 0 0 0 0 0 0 0 
AB12  (IOAB12)            : CONTROL   :  0 0 0 0 0 0 0 0 0 0 0 0 0 0 0 0 0 

AB16  (IOAB16)            : INPUT     :  1 1 1 1 1 1 1 1 1 1 1 1 1 1 1 1 1 
AB16  (IOAB16)            : OUTPUT3   :  1 1 1 1 1 1 1 1 1 1 1 1 1 1 1 1 1 
AB16  (IOAB16)            : CONTROL   :  1 1 1 1 1 1 1 1 1 1 1 1 1 1 1 1 1 

AB20  (IOAB20)            : INPUT     :  1 1 1 1 1 1 1 1 1 1 1 1 1 1 1 1 1 
AB20  (IOAB20)            : OUTPUT3   :  0 0 0 0 0 0 0 0 0 0 0 0 0 0 0 0 0 
AB20  (IOAB20)            : CONTROL   :  0 0 0 0 0 0 0 0 0 0 0 0 0 0 0 0 0 

AB3   (IOAB3)             : INPUT     :  1 1 1 1 1 1 1 1 1 1 1 1 1 1 1 1 1 
AB3   (IOAB3)             : OUTPUT3   :  0 0 0 0 0 0 0 0 0 0 0 0 0 0 0 0 0 
AB3   (IOAB3)             : CONTROL   :  0 0 0 0 0 0 0 0 0 0 0 0 0 0 0 0 0 

AB5   (IOAB5)             : INPUT     :  1 1 1 1 1 1 1 1 1 1 1 1 1 1 1 1 1 
AB5   (IOAB5)             : OUTPUT3   :  0 0 0 0 0 0 0 0 0 0 0 0 0 0 0 0 0 
AB5   (IOAB5)             : CONTROL   :  0 0 0 0 0 0 0 0 0 0 0 0 0 0 0 0 0 

B13   (IOB13)             : INPUT     :  1 1 1 1 1 1 1 1 1 1 1 1 1 1 1 1 1 
B13   (IOB13)             : OUTPUT3   :  0 0 0 0 0 0 0 0 0 0 0 0 0 0 0 0 0 
B13   (IOB13)             : CONTROL   :  0 0 0 0 0 0 0 0 0 0 0 0 0 0 0 0 0 

B3    (IOB3)              : INPUT     :  1 1 1 1 1 1 1 1 1 1 1 1 1 1 1 1 1 
B3    (IOB3)              : OUTPUT3   :  0 0 0 0 0 0 0 0 0 0 0 0 0 0 0 0 0 
B3    (IOB3)              : CONTROL   :  0 0 0 0 0 0 0 0 0 0 0 0 0 0 0 0 0 

C10   (IOC10)             : INPUT     :  1 1 1 1 1 1 1 1 1 1 1 1 1 1 1 1 1 
C10   (IOC10)             : OUTPUT3   :  0 0 0 0 0 0 0 0 0 0 0 0 0 0 0 0 0 
C10   (IOC10)             : CONTROL   :  0 0 0 0 0 0 0 0 0 0 0 0 0 0 0 0 0 

C13   (IOC13)             : INPUT     :  0 0 0 0 0 0 0 0 0 0 0 0 0 0 0 0 0 
C13   (IOC13)             : OUTPUT3   :  0 0 0 0 0 0 0 0 0 0 0 0 0 0 0 0 0 
C13   (IOC13)             : CONTROL   :  1 1 1 1 1 1 1 1 1 1 1 1 1 1 1 1 1 

C16   (IOC16)             : INPUT     :  0 0 0 0 0 0 0 0 0 0 0 0 0 0 0 0 0 
C16   (IOC16)             : OUTPUT3   :  0 0 0 0 0 0 0 0 0 0 0 0 0 0 0 0 0 
C16   (IOC16)             : CONTROL   :  1 1 1 1 1 1 1 1 1 1 1 1 1 1 1 1 1 

C19   (IOC19)             : INPUT     :  1 1 1 1 1 1 1 1 1 1 1 1 1 1 1 1 1 
C19   (IOC19)             : OUTPUT3   :  0 0 0 0 0 0 0 0 0 0 0 0 0 0 0 0 0 
C19   (IOC19)             : CONTROL   :  0 0 0 0 0 0 0 0 0 0 0 0 0 0 0 0 0 

C2    (IOC2)              : INPUT     :  1 1 1 1 1 1 1 1 1 1 1 1 1 1 1 1 1 
C2    (IOC2)              : OUTPUT3   :  1 1 0 1 0 1 0 0 0 0 1 0 1 1 0 1 0 ! 
C2    (IOC2)              : CONTROL   :  0 0 0 0 0 0 0 0 0 0 0 0 0 0 0 0 0 

C20   (IOC20)             : INPUT     :  1 1 1 1 1 1 1 1 1 1 1 1 1 1 1 1 1 
C20   (IOC20)             : OUTPUT3   :  0 0 0 0 0 0 0 0 0 0 0 0 0 0 0 0 0 
C20   (IOC20)             : CONTROL   :  0 0 0 0 0 0 0 0 0 0 0 0 0 0 0 0 0 

C21   (IOC21)             : INPUT     :  1 1 1 1 1 1 1 1 1 1 1 1 1 1 1 1 1 
C21   (IOC21)             : OUTPUT3   :  1 1 1 1 1 1 1 1 1 1 1 1 1 1 1 1 1 
C21   (IOC21)             : CONTROL   :  0 0 0 0 0 0 0 0 0 0 0 0 0 0 0 0 0 

C22   (IOC22)             : INPUT     :  1 1 1 1 1 1 1 1 1 1 1 1 1 1 1 1 1 
C22   (IOC22)             : OUTPUT3   :  1 1 1 1 1 1 1 1 1 1 1 1 1 1 1 1 1 
C22   (IOC22)             : CONTROL   :  0 0 0 0 0 0 0 0 0 0 0 0 0 0 0 0 0 

C3    (IOC3)              : OUTPUT3   :  0 0 0 0 0 0 0 0 0 0 0 0 0 0 0 0 0 
C3    (IOC3)              : CONTROL   :  0 0 0 0 0 0 0 0 0 0 0 0 0 0 0 0 0 

C4    (IOC4)              : OUTPUT3   :  0 0 0 0 0 0 0 0 0 0 0 0 0 0 0 0 0 
C4    (IOC4)              : CONTROL   :  0 0 0 0 0 0 0 0 0 0 0 0 0 0 0 0 0 

C7    (IOC7)              : INPUT     :  1 1 1 1 1 1 1 1 1 1 1 1 1 1 1 1 1 
C7    (IOC7)              : OUTPUT3   :  0 0 0 0 0 0 0 0 0 0 0 0 0 0 0 0 0 
C7    (IOC7)              : CONTROL   :  0 0 0 0 0 0 0 0 0 0 0 0 0 0 0 0 0 

D19   (IOD19)             : INPUT     :  1 1 1 1 1 1 1 1 1 1 1 1 1 1 1 1 1 
D19   (IOD19)             : OUTPUT3   :  0 0 0 0 0 0 0 0 0 0 0 0 0 0 0 0 0 
D19   (IOD19)             : CONTROL   :  0 0 0 0 0 0 0 0 0 0 0 0 0 0 0 0 0 

D20   (IOD20)             : INPUT     :  1 1 1 1 1 1 1 1 1 1 1 1 1 1 1 1 1 
D20   (IOD20)             : OUTPUT3   :  0 0 0 0 0 0 0 0 0 0 0 0 0 0 0 0 0 
D20   (IOD20)             : CONTROL   :  0 0 0 0 0 0 0 0 0 0 0 0 0 0 0 0 0 

D21   (IOD21)             : INPUT     :  1 1 1 1 1 1 1 1 1 1 1 1 1 1 1 1 1 
D21   (IOD21)             : OUTPUT3   :  1 1 1 1 1 1 1 1 1 1 1 1 1 1 1 1 1 
D21   (IOD21)             : CONTROL   :  0 0 0 0 0 0 0 0 0 0 0 0 0 0 0 0 0 

D22   (IOD22)             : INPUT     :  1 1 1 1 1 1 1 1 1 1 1 1 1 1 1 1 1 
D22   (IOD22)             : OUTPUT3   :  1 1 1 1 1 1 1 1 1 1 1 1 1 1 1 1 1 
D22   (IOD22)             : CONTROL   :  0 0 0 0 0 0 0 0 0 0 0 0 0 0 0 0 0 

D3    (IOD3)              : INPUT     :  1 1 1 1 1 1 1 1 1 1 1 1 1 1 1 1 1 
D3    (IOD3)              : OUTPUT3   :  0 0 0 0 0 0 0 0 0 0 0 0 0 0 0 0 0 
D3    (IOD3)              : CONTROL   :  0 0 0 0 0 0 0 0 0 0 0 0 0 0 0 0 0 

D5    (IOD5)              : INPUT     :  1 1 1 1 1 1 1 1 1 1 1 1 1 1 1 1 1 
D5    (IOD5)              : OUTPUT3   :  0 1 0 1 1 0 1 1 1 0 1 1 1 1 0 0 0 ! 
D5    (IOD5)              : CONTROL   :  0 0 0 0 0 0 0 0 0 0 0 0 0 0 0 0 0 

D7    (IOD7)              : INPUT     :  1 1 1 1 1 1 1 1 1 1 1 1 1 1 1 1 1 
D7    (IOD7)              : OUTPUT3   :  1 1 1 1 1 1 1 1 1 1 1 1 1 1 1 1 1 
D7    (IOD7)              : CONTROL   :  1 1 1 1 1 1 1 1 1 1 1 1 1 1 1 1 1 

D8    (IOD8)              : INPUT     :  1 1 1 1 1 1 1 1 1 1 1 1 1 1 1 1 1 
D8    (IOD8)              : OUTPUT3   :  0 0 0 0 0 0 0 0 0 0 0 0 0 0 0 0 0 
D8    (IOD8)              : CONTROL   :  0 0 0 0 0 0 0 0 0 0 0 0 0 0 0 0 0 

E11   (IOE11)             : INPUT     :  1 1 1 1 1 1 1 1 1 1 1 1 1 1 1 1 1 
E11   (IOE11)             : OUTPUT3   :  0 0 0 0 0 0 0 0 0 0 0 0 0 0 0 0 0 
E11   (IOE11)             : CONTROL   :  0 0 0 0 0 0 0 0 0 0 0 0 0 0 0 0 0 

E18   (IOE18)             : INPUT     :  1 1 1 1 1 1 1 1 1 1 1 1 1 1 1 1 1 
E18   (IOE18)             : OUTPUT3   :  0 0 0 0 0 0 0 0 0 0 0 0 0 0 0 0 0 
E18   (IOE18)             : CONTROL   :  0 0 0 0 0 0 0 0 0 0 0 0 0 0 0 0 0 

E20   (IOE20)             : INPUT     :  1 1 1 1 1 1 1 1 1 1 1 1 1 1 1 1 1 
E20   (IOE20)             : OUTPUT3   :  0 0 0 0 0 0 0 0 0 0 0 0 0 0 0 0 0 
E20   (IOE20)             : CONTROL   :  0 0 0 0 0 0 0 0 0 0 0 0 0 0 0 0 0 

E21   (IOE21)             : INPUT     :  1 1 1 1 1 1 1 1 1 1 1 1 1 1 1 1 1 
E21   (IOE21)             : OUTPUT3   :  1 1 1 1 1 1 1 1 1 1 1 1 1 1 1 1 1 
E21   (IOE21)             : CONTROL   :  0 0 0 0 0 0 0 0 0 0 0 0 0 0 0 0 0 

E22   (IOE22)             : INPUT     :  1 1 1 1 1 1 1 1 1 1 1 1 1 1 1 1 1 
E22   (IOE22)             : OUTPUT3   :  1 1 1 1 1 1 1 1 1 1 1 1 1 1 1 1 1 
E22   (IOE22)             : CONTROL   :  0 0 0 0 0 0 0 0 0 0 0 0 0 0 0 0 0 

E7    (IOE7)              : INPUT     :  1 1 1 1 1 1 1 1 1 1 1 1 1 1 1 1 1 
E7    (IOE7)              : OUTPUT3   :  1 1 1 1 1 1 1 1 1 1 1 1 1 1 1 1 1 
E7    (IOE7)              : CONTROL   :  0 0 0 0 0 0 0 0 0 0 0 0 0 0 0 0 0 

E8    (IOE8)              : INPUT     :  1 1 1 1 1 1 1 1 1 1 1 1 1 1 1 1 1 
E8    (IOE8)              : OUTPUT3   :  1 1 1 1 1 1 1 1 1 1 1 1 1 1 1 1 1 
E8    (IOE8)              : CONTROL   :  0 0 0 0 0 0 0 0 0 0 0 0 0 0 0 0 0 

E9    (IOE9)              : INPUT     :  1 1 1 1 1 1 1 1 1 1 1 1 1 1 1 1 1 
E9    (IOE9)              : OUTPUT3   :  1 1 1 1 1 1 1 1 1 1 1 1 1 1 1 1 1 
E9    (IOE9)              : CONTROL   :  1 1 1 1 1 1 1 1 1 1 1 1 1 1 1 1 1 

F10   (IOF10)             : INPUT     :  1 1 1 1 1 1 1 1 1 1 1 1 1 1 1 1 1 
F10   (IOF10)             : OUTPUT3   :  0 0 0 0 0 0 0 0 0 0 0 0 0 0 0 0 0 
F10   (IOF10)             : CONTROL   :  0 0 0 0 0 0 0 0 0 0 0 0 0 0 0 0 0 

F11   (IOF11)             : INPUT     :  1 1 1 1 1 1 1 1 1 1 1 1 1 1 1 1 1 
F11   (IOF11)             : OUTPUT3   :  0 0 0 0 0 0 0 0 0 0 0 0 0 0 0 0 0 
F11   (IOF11)             : CONTROL   :  0 0 0 0 0 0 0 0 0 0 0 0 0 0 0 0 0 

F15   (IOF15)             : INPUT     :  1 1 1 1 1 1 1 1 1 1 1 1 1 1 1 1 1 
F15   (IOF15)             : OUTPUT3   :  0 0 0 0 0 0 0 0 0 0 0 0 0 0 0 0 0 
F15   (IOF15)             : CONTROL   :  0 0 0 0 0 0 0 0 0 0 0 0 0 0 0 0 0 

F20   (IOF20)             : INPUT     :  1 1 1 1 1 1 1 1 1 1 1 1 1 1 1 1 1 
F20   (IOF20)             : OUTPUT3   :  0 0 0 0 0 0 0 0 0 0 0 0 0 0 0 0 0 
F20   (IOF20)             : CONTROL   :  0 0 0 0 0 0 0 0 0 0 0 0 0 0 0 0 0 

F21   (IOF21)             : INPUT     :  1 1 1 1 1 1 1 1 1 1 1 1 1 1 1 1 1 
F21   (IOF21)             : OUTPUT3   :  1 1 1 1 1 1 1 1 1 1 1 1 1 1 1 1 1 
F21   (IOF21)             : CONTROL   :  0 0 0 0 0 0 0 0 0 0 0 0 0 0 0 0 0 

F22   (IOF22)             : INPUT     :  1 1 1 1 1 1 1 1 1 1 1 1 1 1 1 1 1 
F22   (IOF22)             : OUTPUT3   :  0 0 0 0 0 0 0 0 0 0 0 0 0 0 0 0 0 
F22   (IOF22)             : CONTROL   :  0 0 0 0 0 0 0 0 0 0 0 0 0 0 0 0 0 

F8    (IOF8)              : INPUT     :  1 1 1 1 1 1 1 1 1 1 1 1 1 1 1 1 1 
F8    (IOF8)              : OUTPUT3   :  0 0 0 0 0 0 0 0 0 0 0 0 0 0 0 0 0 
F8    (IOF8)              : CONTROL   :  0 0 0 0 0 0 0 0 0 0 0 0 0 0 0 0 0 

F9    (IOF9)              : INPUT     :  1 1 1 1 1 1 1 1 1 1 1 1 1 1 1 1 1 
F9    (IOF9)              : OUTPUT3   :  0 0 0 0 0 0 0 0 0 0 0 0 0 0 0 0 0 
F9    (IOF9)              : CONTROL   :  0 0 0 0 0 0 0 0 0 0 0 0 0 0 0 0 0 

G1    (IOG1)              : INPUT     :  1 1 1 1 1 1 1 1 1 1 1 1 1 1 1 1 1 
G1    (IOG1)              : OUTPUT3   :  0 0 0 0 0 0 0 0 0 0 0 0 0 0 0 0 0 
G1    (IOG1)              : CONTROL   :  0 0 0 0 0 0 0 0 0 0 0 0 0 0 0 0 0 

G11   (IOG11)             : INPUT     :  1 1 1 1 1 1 1 1 1 1 1 1 1 1 1 1 1 
G11   (IOG11)             : OUTPUT3   :  1 1 1 1 1 1 1 1 1 1 1 1 1 1 1 1 1 
G11   (IOG11)             : CONTROL   :  1 1 1 1 1 1 1 1 1 1 1 1 1 1 1 1 1 

G16   (IOG16)             : INPUT     :  1 1 1 1 1 1 1 1 1 1 1 1 1 1 1 1 1 
G16   (IOG16)             : OUTPUT3   :  1 1 1 1 1 1 1 1 1 1 1 1 1 1 1 1 1 
G16   (IOG16)             : CONTROL   :  1 1 1 1 1 1 1 1 1 1 1 1 1 1 1 1 1 

G17   (IOG17)             : INPUT     :  1 1 1 1 1 1 1 1 1 1 1 1 1 1 1 1 1 
G17   (IOG17)             : OUTPUT3   :  0 0 0 0 0 0 0 0 0 0 0 0 0 0 0 0 0 
G17   (IOG17)             : CONTROL   :  0 0 0 0 0 0 0 0 0 0 0 0 0 0 0 0 0 

G18   (IOG18)             : INPUT     :  1 1 1 1 1 1 1 1 1 1 1 1 1 1 1 1 1 
G18   (IOG18)             : OUTPUT3   :  0 0 0 0 0 0 0 0 0 0 0 0 0 0 0 0 0 
G18   (IOG18)             : CONTROL   :  0 0 0 0 0 0 0 0 0 0 0 0 0 0 0 0 0 

G2    (IOG2)              : INPUT     :  1 1 1 1 1 1 1 1 1 1 1 1 1 1 1 1 1 
G2    (IOG2)              : OUTPUT3   :  0 0 0 0 0 0 0 0 0 0 0 0 0 0 0 0 0 
G2    (IOG2)              : CONTROL   :  0 0 0 0 0 0 0 0 0 0 0 0 0 0 0 0 0 

G20   (IOG20)             : INPUT     :  1 1 1 1 1 1 1 1 1 1 1 1 1 1 1 1 1 
G20   (IOG20)             : OUTPUT3   :  0 0 0 0 0 0 0 0 0 0 0 0 0 0 0 0 0 
G20   (IOG20)             : CONTROL   :  0 0 0 0 0 0 0 0 0 0 0 0 0 0 0 0 0 

G21   (IOG21)             : INPUT     :  1 1 1 1 1 1 1 1 1 1 1 1 1 1 1 1 1 
G21   (IOG21)             : OUTPUT3   :  0 1 0 0 1 0 1 1 0 0 0 0 0 1 0 0 0 ! 
G21   (IOG21)             : CONTROL   :  0 0 0 0 0 0 0 0 0 0 0 0 0 0 0 0 0 

G22   (IOG22)             : INPUT     :  1 1 1 1 1 1 1 1 1 1 1 1 1 1 1 1 1 
G22   (IOG22)             : OUTPUT3   :  1 1 1 1 1 1 1 1 1 1 1 1 1 1 1 1 1 
G22   (IOG22)             : CONTROL   :  0 0 0 0 0 0 0 0 0 0 0 0 0 0 0 0 0 

G7    (IOG7)              : INPUT     :  1 1 1 1 1 1 1 1 1 1 1 1 1 1 1 1 1 
G7    (IOG7)              : OUTPUT3   :  1 1 1 1 1 1 1 1 1 1 1 1 1 1 1 1 1 
G7    (IOG7)              : CONTROL   :  1 1 1 1 1 1 1 1 1 1 1 1 1 1 1 1 1 

H11   (IOH11)             : INPUT     :  1 1 1 1 1 1 1 1 1 1 1 1 1 1 1 1 1 
H11   (IOH11)             : OUTPUT3   :  1 1 1 1 1 1 1 1 1 1 1 1 1 1 1 1 1 
H11   (IOH11)             : CONTROL   :  1 1 1 1 1 1 1 1 1 1 1 1 1 1 1 1 1 

H14   (IOH14)             : INPUT     :  1 1 1 1 1 1 1 1 1 1 1 1 1 1 1 1 1 
H14   (IOH14)             : OUTPUT3   :  1 1 1 1 1 1 1 1 1 1 1 1 1 1 1 1 1 
H14   (IOH14)             : CONTROL   :  1 1 1 1 1 1 1 1 1 1 1 1 1 1 1 1 1 

H15   (IOH15)             : INPUT     :  1 1 1 1 1 1 1 1 1 1 1 1 1 1 1 1 1 
H15   (IOH15)             : OUTPUT3   :  1 1 1 1 1 1 1 1 1 1 1 1 1 1 1 1 1 
H15   (IOH15)             : CONTROL   :  1 1 1 1 1 1 1 1 1 1 1 1 1 1 1 1 1 

H16   (IOH16)             : INPUT     :  1 1 1 1 1 1 1 1 1 1 1 1 1 1 1 1 1 
H16   (IOH16)             : OUTPUT3   :  1 1 1 1 1 1 1 1 1 1 1 1 1 1 1 1 1 
H16   (IOH16)             : CONTROL   :  1 1 1 1 1 1 1 1 1 1 1 1 1 1 1 1 1 

H17   (IOH17)             : INPUT     :  1 1 1 1 1 1 1 1 1 1 1 1 1 1 1 1 1 
H17   (IOH17)             : OUTPUT3   :  0 0 0 0 0 0 0 0 0 0 0 0 0 0 0 0 0 
H17   (IOH17)             : CONTROL   :  0 0 0 0 0 0 0 0 0 0 0 0 0 0 0 0 0 

H18   (IOH18)             : INPUT     :  1 1 1 1 1 1 1 1 1 1 1 1 1 1 1 1 1 
H18   (IOH18)             : OUTPUT3   :  0 0 0 0 0 0 0 0 0 0 0 0 0 0 0 0 0 
H18   (IOH18)             : CONTROL   :  0 0 0 0 0 0 0 0 0 0 0 0 0 0 0 0 0 

H19   (IOH19)             : INPUT     :  1 1 1 1 1 1 1 1 1 1 1 1 1 1 1 1 1 
H19   (IOH19)             : OUTPUT3   :  0 0 0 0 0 0 0 0 0 0 0 0 0 0 0 0 0 
H19   (IOH19)             : CONTROL   :  0 0 0 0 0 0 0 0 0 0 0 0 0 0 0 0 0 

H21   (IOH21)             : INPUT     :  1 1 1 1 1 1 1 1 1 1 1 1 1 1 1 1 1 
H21   (IOH21)             : OUTPUT3   :  0 0 0 0 0 0 0 0 0 0 0 0 0 0 0 0 0 
H21   (IOH21)             : CONTROL   :  0 0 0 0 0 0 0 0 0 0 0 0 0 0 0 0 0 

H22   (IOH22)             : INPUT     :  1 1 1 1 1 1 1 1 1 1 1 1 1 1 1 1 1 
H22   (IOH22)             : OUTPUT3   :  0 0 0 0 0 0 0 0 0 0 0 0 0 0 0 0 0 
H22   (IOH22)             : CONTROL   :  0 0 0 0 0 0 0 0 0 0 0 0 0 0 0 0 0 

H3    (IOH3)              : INPUT     :  1 1 1 1 1 1 1 1 1 1 1 1 1 1 1 1 1 
H3    (IOH3)              : OUTPUT3   :  0 0 0 0 0 0 0 0 0 0 0 0 0 0 0 0 0 
H3    (IOH3)              : CONTROL   :  0 0 0 0 0 0 0 0 0 0 0 0 0 0 0 0 0 

H5    (IOH5)              : INPUT     :  1 1 1 1 1 1 1 1 1 1 1 1 1 1 1 1 1 
H5    (IOH5)              : OUTPUT3   :  0 0 0 0 0 0 0 0 0 0 0 0 0 0 0 0 0 
H5    (IOH5)              : CONTROL   :  0 0 0 0 0 0 0 0 0 0 0 0 0 0 0 0 0 

H7    (IOH7)              : INPUT     :  1 1 1 1 1 1 1 1 1 1 1 1 1 1 1 1 1 
H7    (IOH7)              : OUTPUT3   :  1 1 1 1 1 1 1 1 1 1 1 1 1 1 1 1 1 
H7    (IOH7)              : CONTROL   :  1 1 1 1 1 1 1 1 1 1 1 1 1 1 1 1 1 

J14   (IOJ14)             : INPUT     :  1 1 1 1 1 1 1 1 1 1 1 1 1 1 1 1 1 
J14   (IOJ14)             : OUTPUT3   :  1 1 1 1 1 1 1 1 1 1 1 1 1 1 1 1 1 
J14   (IOJ14)             : CONTROL   :  1 1 1 1 1 1 1 1 1 1 1 1 1 1 1 1 1 

J15   (IOJ15)             : INPUT     :  1 1 1 1 1 1 1 1 1 1 1 1 1 1 1 1 1 
J15   (IOJ15)             : OUTPUT3   :  1 1 1 1 1 1 1 1 1 1 1 1 1 1 1 1 1 
J15   (IOJ15)             : CONTROL   :  1 1 1 1 1 1 1 1 1 1 1 1 1 1 1 1 1 

J17   (IOJ17)             : INPUT     :  1 1 1 1 1 1 1 1 1 1 1 1 1 1 1 1 1 
J17   (IOJ17)             : OUTPUT3   :  0 0 0 0 0 0 0 0 0 0 0 0 0 0 0 0 0 
J17   (IOJ17)             : CONTROL   :  0 0 0 0 0 0 0 0 0 0 0 0 0 0 0 0 0 

J18   (IOJ18)             : INPUT     :  1 1 1 1 1 1 1 1 1 1 1 1 1 1 1 1 1 
J18   (IOJ18)             : OUTPUT3   :  0 0 0 0 0 0 0 0 0 0 0 0 0 0 0 0 0 
J18   (IOJ18)             : CONTROL   :  0 0 0 0 0 0 0 0 0 0 0 0 0 0 0 0 0 

J19   (IOJ19)             : INPUT     :  1 1 1 1 1 1 1 1 1 1 1 1 1 1 1 1 1 
J19   (IOJ19)             : OUTPUT3   :  0 0 0 0 0 0 0 0 0 0 0 0 0 0 0 0 0 
J19   (IOJ19)             : CONTROL   :  0 0 0 0 0 0 0 0 0 0 0 0 0 0 0 0 0 

J20   (IOJ20)             : INPUT     :  1 1 1 1 1 1 1 1 1 1 1 1 1 1 1 1 1 
J20   (IOJ20)             : OUTPUT3   :  0 0 0 0 0 0 0 0 0 0 0 0 0 0 0 0 0 
J20   (IOJ20)             : CONTROL   :  0 0 0 0 0 0 0 0 0 0 0 0 0 0 0 0 0 

J21   (IOJ21)             : INPUT     :  1 1 1 1 1 1 1 1 1 1 1 1 1 1 1 1 1 
J21   (IOJ21)             : OUTPUT3   :  0 0 0 0 0 0 0 0 0 0 0 0 0 0 0 0 0 
J21   (IOJ21)             : CONTROL   :  0 0 0 0 0 0 0 0 0 0 0 0 0 0 0 0 0 

J22   (IOJ22)             : INPUT     :  1 1 1 1 1 1 1 1 1 1 1 1 1 1 1 1 1 
J22   (IOJ22)             : OUTPUT3   :  1 1 1 1 1 1 1 1 1 1 1 1 1 1 1 1 1 
J22   (IOJ22)             : CONTROL   :  0 0 0 0 0 0 0 0 0 0 0 0 0 0 0 0 0 

J3    (IOJ3)              : INPUT     :  1 1 1 1 1 1 1 1 1 1 1 1 1 1 1 1 1 
J3    (IOJ3)              : OUTPUT3   :  0 0 0 0 0 0 0 0 0 0 0 0 0 0 0 0 0 
J3    (IOJ3)              : CONTROL   :  0 0 0 0 0 0 0 0 0 0 0 0 0 0 0 0 0 

J5    (IOJ5)              : INPUT     :  1 1 1 1 1 1 1 1 1 1 1 1 1 1 1 1 1 
J5    (IOJ5)              : OUTPUT3   :  0 0 0 0 0 0 0 0 0 0 0 0 0 0 0 0 0 
J5    (IOJ5)              : CONTROL   :  0 0 0 0 0 0 0 0 0 0 0 0 0 0 0 0 0 

J6    (IOJ6)              : INPUT     :  1 1 1 1 1 1 1 1 1 1 1 1 1 1 1 1 1 
J6    (IOJ6)              : OUTPUT3   :  0 0 0 0 0 0 0 0 0 0 0 0 0 0 0 0 0 
J6    (IOJ6)              : CONTROL   :  0 0 0 0 0 0 0 0 0 0 0 0 0 0 0 0 0 

K17   (IOK17)             : INPUT     :  1 1 1 1 1 1 1 1 1 1 1 1 1 1 1 1 1 
K17   (IOK17)             : OUTPUT3   :  0 0 0 0 0 0 0 0 0 0 0 0 0 0 0 0 0 
K17   (IOK17)             : CONTROL   :  0 0 0 0 0 0 0 0 0 0 0 0 0 0 0 0 0 

K18   (IOK18)             : INPUT     :  1 1 1 1 1 1 1 1 1 1 1 1 1 1 1 1 1 
K18   (IOK18)             : OUTPUT3   :  0 0 0 0 0 0 0 0 0 0 0 0 0 0 0 0 0 
K18   (IOK18)             : CONTROL   :  0 0 0 0 0 0 0 0 0 0 0 0 0 0 0 0 0 

K20   (IOK20)             : INPUT     :  1 1 1 1 1 1 1 1 1 1 1 1 1 1 1 1 1 
K20   (IOK20)             : OUTPUT3   :  0 0 0 0 0 0 0 0 0 0 0 0 0 0 0 0 0 
K20   (IOK20)             : CONTROL   :  0 0 0 0 0 0 0 0 0 0 0 0 0 0 0 0 0 

K21   (IOK21)             : INPUT     :  1 1 1 1 1 1 1 1 1 1 1 1 1 1 1 1 1 
K21   (IOK21)             : OUTPUT3   :  0 0 0 0 0 0 0 0 0 0 0 0 0 0 0 0 0 
K21   (IOK21)             : CONTROL   :  0 0 0 0 0 0 0 0 0 0 0 0 0 0 0 0 0 

K22   (IOK22)             : INPUT     :  1 1 1 1 1 1 1 1 1 1 1 1 1 1 1 1 1 
K22   (IOK22)             : OUTPUT3   :  0 0 0 0 0 0 0 0 0 0 0 0 0 0 0 0 0 
K22   (IOK22)             : CONTROL   :  0 0 0 0 0 0 0 0 0 0 0 0 0 0 0 0 0 

L17   (IOL17)             : INPUT     :  1 1 1 1 1 1 1 1 1 1 1 1 1 1 1 1 1 
L17   (IOL17)             : OUTPUT3   :  0 0 0 0 0 0 0 0 0 0 0 0 0 0 0 0 0 
L17   (IOL17)             : CONTROL   :  0 0 0 0 0 0 0 0 0 0 0 0 0 0 0 0 0 

L18   (IOL18)             : INPUT     :  1 1 1 1 1 1 1 1 1 1 1 1 1 1 1 1 1 
L18   (IOL18)             : OUTPUT3   :  1 1 1 1 1 1 1 1 1 1 1 1 1 1 1 1 1 
L18   (IOL18)             : CONTROL   :  1 1 1 1 1 1 1 1 1 1 1 1 1 1 1 1 1 

L19   (IOL19)             : INPUT     :  1 1 1 1 1 1 1 1 1 1 1 1 1 1 1 1 1 
L19   (IOL19)             : OUTPUT3   :  0 0 0 0 0 0 0 0 0 0 0 0 0 0 0 0 0 
L19   (IOL19)             : CONTROL   :  0 0 0 0 0 0 0 0 0 0 0 0 0 0 0 0 0 

L7    (IOL7)              : INPUT     :  1 1 1 1 1 1 1 1 1 1 1 1 1 1 1 1 1 
L7    (IOL7)              : OUTPUT3   :  1 1 1 1 1 1 1 1 1 1 1 1 1 1 1 1 1 
L7    (IOL7)              : CONTROL   :  1 1 1 1 1 1 1 1 1 1 1 1 1 1 1 1 1 

L8    (IOL8)              : INPUT     :  1 1 1 1 1 1 1 1 1 1 1 1 1 1 1 1 1 
L8    (IOL8)              : OUTPUT3   :  1 1 1 1 1 1 1 1 1 1 1 1 1 1 1 1 1 
L8    (IOL8)              : CONTROL   :  1 1 1 1 1 1 1 1 1 1 1 1 1 1 1 1 1 

M15   (IOM15)             : INPUT     :  1 1 1 1 1 1 1 1 1 1 1 1 1 1 1 1 1 
M15   (IOM15)             : OUTPUT3   :  1 1 1 1 1 1 1 1 1 1 1 1 1 1 1 1 1 
M15   (IOM15)             : CONTROL   :  1 1 1 1 1 1 1 1 1 1 1 1 1 1 1 1 1 

M16   (IOM16)             : INPUT     :  1 1 1 1 1 1 1 1 1 1 1 1 1 1 1 1 1 
M16   (IOM16)             : OUTPUT3   :  1 1 1 1 1 1 1 1 1 1 1 1 1 1 1 1 1 
M16   (IOM16)             : CONTROL   :  1 1 1 1 1 1 1 1 1 1 1 1 1 1 1 1 1 

M18   (IOM18)             : INPUT     :  1 1 1 1 1 1 1 1 1 1 1 1 1 1 1 1 1 
M18   (IOM18)             : OUTPUT3   :  0 0 0 0 0 0 0 0 0 0 0 0 0 0 0 0 0 
M18   (IOM18)             : CONTROL   :  0 0 0 0 0 0 0 0 0 0 0 0 0 0 0 0 0 

M19   (IOM19)             : INPUT     :  1 1 1 1 1 1 1 1 1 1 1 1 1 1 1 1 1 
M19   (IOM19)             : OUTPUT3   :  0 0 0 0 0 0 0 0 0 0 0 0 0 0 0 0 0 
M19   (IOM19)             : CONTROL   :  0 0 0 0 0 0 0 0 0 0 0 0 0 0 0 0 0 

M5    (IOM5)              : INPUT     :  1 1 1 1 1 1 1 1 1 1 1 1 1 1 1 1 1 
M5    (IOM5)              : OUTPUT3   :  0 0 0 0 0 0 0 0 0 0 0 0 0 0 0 0 0 
M5    (IOM5)              : CONTROL   :  0 0 0 0 0 0 0 0 0 0 0 0 0 0 0 0 0 

M6    (IOM6)              : INPUT     :  1 1 1 1 1 1 1 1 1 1 1 1 1 1 1 1 1 
M6    (IOM6)              : OUTPUT3   :  0 0 0 0 0 0 0 0 0 0 0 0 0 0 0 0 0 
M6    (IOM6)              : CONTROL   :  0 0 0 0 0 0 0 0 0 0 0 0 0 0 0 0 0 

M7    (IOM7)              : INPUT     :  1 1 1 1 1 1 1 1 1 1 1 1 1 1 1 1 1 
M7    (IOM7)              : OUTPUT3   :  1 1 1 1 1 1 1 1 1 1 1 1 1 1 1 1 1 
M7    (IOM7)              : CONTROL   :  1 1 1 1 1 1 1 1 1 1 1 1 1 1 1 1 1 

M8    (IOM8)              : INPUT     :  1 1 1 1 1 1 1 1 1 1 1 1 1 1 1 1 1 
M8    (IOM8)              : OUTPUT3   :  1 1 1 1 1 1 1 1 1 1 1 1 1 1 1 1 1 
M8    (IOM8)              : CONTROL   :  1 1 1 1 1 1 1 1 1 1 1 1 1 1 1 1 1 

N15   (ION15)             : INPUT     :  1 1 1 1 1 1 1 1 1 1 1 1 1 1 1 1 1 
N15   (ION15)             : OUTPUT3   :  1 1 1 1 1 1 1 1 1 1 1 1 1 1 1 1 1 
N15   (ION15)             : CONTROL   :  1 1 1 1 1 1 1 1 1 1 1 1 1 1 1 1 1 

N21   (ION21)             : INPUT     :  1 1 1 1 1 1 1 1 1 1 1 1 1 1 1 1 1 
N21   (ION21)             : OUTPUT3   :  1 1 1 1 1 1 1 1 1 1 1 1 1 1 1 1 1 
N21   (ION21)             : CONTROL   :  0 0 0 0 0 0 0 0 0 0 0 0 0 0 0 0 0 

N22   (ION22)             : INPUT     :  1 1 1 1 1 1 1 1 1 1 1 1 1 1 1 1 1 
N22   (ION22)             : OUTPUT3   :  1 1 1 1 1 1 1 1 1 1 1 1 1 1 1 1 1 
N22   (ION22)             : CONTROL   :  0 0 0 0 0 0 0 0 0 0 0 0 0 0 0 0 0 

N5    (ION5)              : INPUT     :  1 1 1 1 1 1 1 1 1 1 1 1 1 1 1 1 1 
N5    (ION5)              : OUTPUT3   :  0 0 0 0 0 0 0 0 0 0 0 0 0 0 0 0 0 
N5    (ION5)              : CONTROL   :  0 0 0 0 0 0 0 0 0 0 0 0 0 0 0 0 0 

P15   (IOP15)             : INPUT     :  1 1 1 1 1 1 1 1 1 1 1 1 1 1 1 1 1 
P15   (IOP15)             : OUTPUT3   :  1 1 1 1 1 1 1 1 1 1 1 1 1 1 1 1 1 
P15   (IOP15)             : CONTROL   :  1 1 1 1 1 1 1 1 1 1 1 1 1 1 1 1 1 

P17   (IOP17)             : INPUT     :  1 1 1 1 1 1 1 1 1 1 1 1 1 1 1 1 1 
P17   (IOP17)             : OUTPUT3   :  0 0 0 0 0 0 0 0 0 0 0 0 0 0 0 0 0 
P17   (IOP17)             : CONTROL   :  0 0 0 0 0 0 0 0 0 0 0 0 0 0 0 0 0 

P18   (IOP18)             : INPUT     :  1 1 1 1 1 1 1 1 1 1 1 1 1 1 1 1 1 
P18   (IOP18)             : OUTPUT3   :  0 0 0 0 0 0 0 0 0 0 0 0 0 0 0 0 0 
P18   (IOP18)             : CONTROL   :  0 0 0 0 0 0 0 0 0 0 0 0 0 0 0 0 0 

P19   (IOP19)             : INPUT     :  1 1 1 1 1 1 1 1 1 1 1 1 1 1 1 1 1 
P19   (IOP19)             : OUTPUT3   :  0 0 0 0 0 0 0 0 0 0 0 0 0 0 0 0 0 
P19   (IOP19)             : CONTROL   :  0 0 0 0 0 0 0 0 0 0 0 0 0 0 0 0 0 

P20   (IOP20)             : INPUT     :  1 1 1 1 1 1 1 1 1 1 1 1 1 1 1 1 1 
P20   (IOP20)             : OUTPUT3   :  0 0 0 0 0 0 0 0 0 0 0 0 0 0 0 0 0 
P20   (IOP20)             : CONTROL   :  0 0 0 0 0 0 0 0 0 0 0 0 0 0 0 0 0 

P21   (IOP21)             : INPUT     :  1 1 1 1 1 1 1 1 1 1 1 1 1 1 1 1 1 
P21   (IOP21)             : OUTPUT3   :  0 0 0 0 0 0 0 0 0 0 0 0 0 0 0 0 0 
P21   (IOP21)             : CONTROL   :  0 0 0 0 0 0 0 0 0 0 0 0 0 0 0 0 0 

P22   (IOP22)             : INPUT     :  1 1 1 1 1 1 1 1 1 1 1 1 1 1 1 1 1 
P22   (IOP22)             : OUTPUT3   :  0 0 0 0 0 0 0 0 0 0 0 0 0 0 0 0 0 
P22   (IOP22)             : CONTROL   :  0 0 0 0 0 0 0 0 0 0 0 0 0 0 0 0 0 

P3    (IOP3)              : INPUT     :  1 1 1 1 1 1 1 1 1 1 1 1 1 1 1 1 1 
P3    (IOP3)              : OUTPUT3   :  0 0 0 0 0 0 0 0 0 0 0 0 0 0 0 0 0 
P3    (IOP3)              : CONTROL   :  0 0 0 0 0 0 0 0 0 0 0 0 0 0 0 0 0 

P4    (IOP4)              : INPUT     :  1 1 1 1 1 1 1 1 1 1 1 1 1 1 1 1 1 
P4    (IOP4)              : OUTPUT3   :  0 0 0 0 0 0 0 0 0 0 0 0 0 0 0 0 0 
P4    (IOP4)              : CONTROL   :  0 0 0 0 0 0 0 0 0 0 0 0 0 0 0 0 0 

R11   (IOR11)             : INPUT     :  1 1 1 1 1 1 1 1 1 1 1 1 1 1 1 1 1 
R11   (IOR11)             : OUTPUT3   :  1 1 1 1 1 1 1 1 1 1 1 1 1 1 1 1 1 
R11   (IOR11)             : CONTROL   :  1 1 1 1 1 1 1 1 1 1 1 1 1 1 1 1 1 

R14   (IOR14)             : INPUT     :  1 1 1 1 1 1 1 1 1 1 1 1 1 1 1 1 1 
R14   (IOR14)             : OUTPUT3   :  1 1 1 1 1 1 1 1 1 1 1 1 1 1 1 1 1 
R14   (IOR14)             : CONTROL   :  1 1 1 1 1 1 1 1 1 1 1 1 1 1 1 1 1 

R15   (IOR15)             : INPUT     :  1 1 1 1 1 1 1 1 1 1 1 1 1 1 1 1 1 
R15   (IOR15)             : OUTPUT3   :  1 1 1 1 1 1 1 1 1 1 1 1 1 1 1 1 1 
R15   (IOR15)             : CONTROL   :  1 1 1 1 1 1 1 1 1 1 1 1 1 1 1 1 1 

R16   (IOR16)             : INPUT     :  1 1 1 1 1 1 1 1 1 1 1 1 1 1 1 1 1 
R16   (IOR16)             : OUTPUT3   :  1 1 1 1 1 1 1 1 1 1 1 1 1 1 1 1 1 
R16   (IOR16)             : CONTROL   :  1 1 1 1 1 1 1 1 1 1 1 1 1 1 1 1 1 

R17   (IOR17)             : INPUT     :  1 1 1 1 1 1 1 1 1 1 1 1 1 1 1 1 1 
R17   (IOR17)             : OUTPUT3   :  0 0 0 0 0 0 0 0 0 0 0 0 0 0 0 0 0 
R17   (IOR17)             : CONTROL   :  0 0 0 0 0 0 0 0 0 0 0 0 0 0 0 0 0 

R18   (IOR18)             : INPUT     :  1 1 1 1 1 1 1 1 1 1 1 1 1 1 1 1 1 
R18   (IOR18)             : OUTPUT3   :  0 0 0 0 0 0 0 0 0 0 0 0 0 0 0 0 0 
R18   (IOR18)             : CONTROL   :  0 0 0 0 0 0 0 0 0 0 0 0 0 0 0 0 0 

R19   (IOR19)             : INPUT     :  1 1 1 1 1 1 1 1 1 1 1 1 1 1 1 1 1 
R19   (IOR19)             : OUTPUT3   :  0 0 0 0 0 0 0 0 0 0 0 0 0 0 0 0 0 
R19   (IOR19)             : CONTROL   :  0 0 0 0 0 0 0 0 0 0 0 0 0 0 0 0 0 

R20   (IOR20)             : INPUT     :  1 1 1 1 1 1 1 1 1 1 1 1 1 1 1 1 1 
R20   (IOR20)             : OUTPUT3   :  0 0 0 0 0 0 0 0 0 0 0 0 0 0 0 0 0 
R20   (IOR20)             : CONTROL   :  0 0 0 0 0 0 0 0 0 0 0 0 0 0 0 0 0 

R21   (IOR21)             : INPUT     :  1 1 1 1 1 1 1 1 1 1 1 1 1 1 1 1 1 
R21   (IOR21)             : OUTPUT3   :  1 1 1 1 1 1 1 1 1 1 1 1 1 1 1 1 1 
R21   (IOR21)             : CONTROL   :  1 1 1 1 1 1 1 1 1 1 1 1 1 1 1 1 1 

R22   (IOR22)             : INPUT     :  1 1 1 1 1 1 1 1 1 1 1 1 1 1 1 1 1 
R22   (IOR22)             : OUTPUT3   :  0 0 0 0 0 0 0 0 0 0 0 0 0 0 0 0 0 
R22   (IOR22)             : CONTROL   :  0 0 0 0 0 0 0 0 0 0 0 0 0 0 0 0 0 

R4    (IOR4)              : INPUT     :  1 1 1 1 1 1 1 1 1 1 1 1 1 1 1 1 1 
R4    (IOR4)              : OUTPUT3   :  0 0 0 0 0 0 0 0 0 0 0 0 0 0 0 0 0 
R4    (IOR4)              : CONTROL   :  0 0 0 0 0 0 0 0 0 0 0 0 0 0 0 0 0 

R6    (IOR6)              : INPUT     :  1 1 1 1 1 1 1 1 1 1 1 1 1 1 1 1 1 
R6    (IOR6)              : OUTPUT3   :  0 0 0 0 0 0 0 0 0 0 0 0 0 0 0 0 0 
R6    (IOR6)              : CONTROL   :  0 0 0 0 0 0 0 0 0 0 0 0 0 0 0 0 0 

R7    (IOR7)              : INPUT     :  1 1 1 1 1 1 1 1 1 1 1 1 1 1 1 1 1 
R7    (IOR7)              : OUTPUT3   :  1 1 1 1 1 1 1 1 1 1 1 1 1 1 1 1 1 
R7    (IOR7)              : CONTROL   :  1 1 1 1 1 1 1 1 1 1 1 1 1 1 1 1 1 

R8    (IOR8)              : INPUT     :  1 1 1 1 1 1 1 1 1 1 1 1 1 1 1 1 1 
R8    (IOR8)              : OUTPUT3   :  1 1 1 1 1 1 1 1 1 1 1 1 1 1 1 1 1 
R8    (IOR8)              : CONTROL   :  1 1 1 1 1 1 1 1 1 1 1 1 1 1 1 1 1 

T1    (IOT1)              : INPUT     :  1 1 1 1 1 1 1 1 1 1 1 1 1 1 1 1 1 
T1    (IOT1)              : OUTPUT3   :  0 0 0 0 0 0 0 0 0 0 0 0 0 0 0 0 0 
T1    (IOT1)              : CONTROL   :  0 0 0 0 0 0 0 0 0 0 0 0 0 0 0 0 0 

T11   (IOT11)             : INPUT     :  1 1 1 1 1 1 1 1 1 1 1 1 1 1 1 1 1 
T11   (IOT11)             : OUTPUT3   :  1 1 1 1 1 1 1 1 1 1 1 1 1 1 1 1 1 
T11   (IOT11)             : CONTROL   :  1 1 1 1 1 1 1 1 1 1 1 1 1 1 1 1 1 

T16   (IOT16)             : INPUT     :  1 1 1 1 1 1 1 1 1 1 1 1 1 1 1 1 1 
T16   (IOT16)             : OUTPUT3   :  1 1 1 1 1 1 1 1 1 1 1 1 1 1 1 1 1 
T16   (IOT16)             : CONTROL   :  1 1 1 1 1 1 1 1 1 1 1 1 1 1 1 1 1 

T18   (IOT18)             : INPUT     :  1 1 1 1 1 1 1 1 1 1 1 1 1 1 1 1 1 
T18   (IOT18)             : OUTPUT3   :  0 0 0 0 0 0 0 0 0 0 0 0 0 0 0 0 0 
T18   (IOT18)             : CONTROL   :  0 0 0 0 0 0 0 0 0 0 0 0 0 0 0 0 0 

T21   (IOT21)             : INPUT     :  1 1 1 1 1 1 1 1 1 1 1 1 1 1 1 1 1 
T21   (IOT21)             : OUTPUT3   :  1 1 1 1 1 1 1 1 1 1 1 1 1 1 1 1 1 
T21   (IOT21)             : CONTROL   :  1 1 1 1 1 1 1 1 1 1 1 1 1 1 1 1 1 

T22   (IOT22)             : INPUT     :  1 1 1 1 1 1 1 1 1 1 1 1 1 1 1 1 1 
T22   (IOT22)             : OUTPUT3   :  1 1 1 1 1 1 1 1 1 1 1 1 1 1 1 1 1 
T22   (IOT22)             : CONTROL   :  1 1 1 1 1 1 1 1 1 1 1 1 1 1 1 1 1 

T6    (IOT6)              : INPUT     :  1 1 1 1 1 1 1 1 1 1 1 1 1 1 1 1 1 
T6    (IOT6)              : OUTPUT3   :  0 0 0 0 0 0 0 0 0 0 0 0 0 0 0 0 0 
T6    (IOT6)              : CONTROL   :  0 0 0 0 0 0 0 0 0 0 0 0 0 0 0 0 0 

T7    (IOT7)              : INPUT     :  1 1 1 1 1 1 1 1 1 1 1 1 1 1 1 1 1 
T7    (IOT7)              : OUTPUT3   :  1 1 1 1 1 1 1 1 1 1 1 1 1 1 1 1 1 
T7    (IOT7)              : CONTROL   :  1 1 1 1 1 1 1 1 1 1 1 1 1 1 1 1 1 

T8    (IOT8)              : INPUT     :  1 1 1 1 1 1 1 1 1 1 1 1 1 1 1 1 1 
T8    (IOT8)              : OUTPUT3   :  1 1 1 1 1 1 1 1 1 1 1 1 1 1 1 1 1 
T8    (IOT8)              : CONTROL   :  1 1 1 1 1 1 1 1 1 1 1 1 1 1 1 1 1 

U1    (IOU1)              : INPUT     :  1 1 1 1 1 1 1 1 1 1 1 1 1 1 1 1 1 
U1    (IOU1)              : OUTPUT3   :  0 0 0 0 0 0 0 0 0 0 0 0 0 0 0 0 0 
U1    (IOU1)              : CONTROL   :  0 0 0 0 0 0 0 0 0 0 0 0 0 0 0 0 0 

U14   (IOU14)             : INPUT     :  1 1 1 1 1 1 1 1 1 1 1 1 1 1 1 1 1 
U14   (IOU14)             : OUTPUT3   :  0 0 0 0 0 0 0 0 0 0 0 0 0 0 0 0 0 
U14   (IOU14)             : CONTROL   :  0 0 0 0 0 0 0 0 0 0 0 0 0 0 0 0 0 

U15   (IOU15)             : INPUT     :  1 1 1 1 1 1 1 1 1 1 1 1 1 1 1 1 1 
U15   (IOU15)             : OUTPUT3   :  0 0 0 0 0 0 0 0 0 0 0 0 0 0 0 0 0 
U15   (IOU15)             : CONTROL   :  0 0 0 0 0 0 0 0 0 0 0 0 0 0 0 0 0 

U18   (IOU18)             : INPUT     :  1 1 1 1 1 1 1 1 1 1 1 1 1 1 1 1 1 
U18   (IOU18)             : OUTPUT3   :  0 0 0 0 0 0 0 0 0 0 0 0 0 0 0 0 0 
U18   (IOU18)             : CONTROL   :  0 0 0 0 0 0 0 0 0 0 0 0 0 0 0 0 0 

U19   (IOU19)             : INPUT     :  1 1 1 1 1 1 1 1 1 1 1 1 1 1 1 1 1 
U19   (IOU19)             : OUTPUT3   :  0 0 0 0 0 0 0 0 0 0 0 0 0 0 0 0 0 
U19   (IOU19)             : CONTROL   :  0 0 0 0 0 0 0 0 0 0 0 0 0 0 0 0 0 

U20   (IOU20)             : INPUT     :  1 1 1 1 1 1 1 1 1 1 1 1 1 1 1 1 1 
U20   (IOU20)             : OUTPUT3   :  0 0 0 0 0 0 0 0 0 0 0 0 0 0 0 0 0 
U20   (IOU20)             : CONTROL   :  0 0 0 0 0 0 0 0 0 0 0 0 0 0 0 0 0 

U21   (IOU21)             : INPUT     :  1 1 1 1 1 1 1 1 1 1 1 1 1 1 1 1 1 
U21   (IOU21)             : OUTPUT3   :  1 1 1 1 1 1 1 1 1 1 1 1 1 1 1 1 1 
U21   (IOU21)             : CONTROL   :  1 1 1 1 1 1 1 1 1 1 1 1 1 1 1 1 1 

U22   (IOU22)             : INPUT     :  1 1 1 1 1 1 1 1 1 1 1 1 1 1 1 1 1 
U22   (IOU22)             : OUTPUT3   :  0 0 0 0 0 0 0 0 0 0 0 0 0 0 0 0 0 
U22   (IOU22)             : CONTROL   :  0 0 0 0 0 0 0 0 0 0 0 0 0 0 0 0 0 

U4    (IOU4)              : INPUT     :  1 1 1 1 1 1 1 1 1 1 1 1 1 1 1 1 1 
U4    (IOU4)              : OUTPUT3   :  0 0 0 0 0 0 0 0 0 0 0 0 0 0 0 0 0 
U4    (IOU4)              : CONTROL   :  0 0 0 0 0 0 0 0 0 0 0 0 0 0 0 0 0 

V19   (IOV19)             : INPUT     :  1 1 1 1 1 1 1 1 1 1 1 1 1 1 1 1 1 
V19   (IOV19)             : OUTPUT3   :  1 1 1 1 1 1 1 1 1 1 1 1 1 1 1 1 1 
V19   (IOV19)             : CONTROL   :  0 0 0 0 0 0 0 0 0 0 0 0 0 0 0 0 0 

V20   (IOV20)             : INPUT     :  1 1 1 1 1 1 1 1 1 1 1 1 1 1 1 1 1 
V20   (IOV20)             : OUTPUT3   :  0 0 0 0 0 0 0 0 0 0 0 0 0 0 0 0 0 
V20   (IOV20)             : CONTROL   :  0 0 0 0 0 0 0 0 0 0 0 0 0 0 0 0 0 

V21   (IOV21)             : INPUT     :  1 1 1 1 1 1 1 1 1 1 1 1 1 1 1 1 1 
V21   (IOV21)             : OUTPUT3   :  1 1 1 1 1 1 1 1 1 1 1 1 1 1 1 1 1 
V21   (IOV21)             : CONTROL   :  1 1 1 1 1 1 1 1 1 1 1 1 1 1 1 1 1 

V22   (IOV22)             : INPUT     :  1 1 1 1 1 1 1 1 1 1 1 1 1 1 1 1 1 
V22   (IOV22)             : OUTPUT3   :  1 1 1 1 1 1 1 1 1 1 1 1 1 1 1 1 1 
V22   (IOV22)             : CONTROL   :  1 1 1 1 1 1 1 1 1 1 1 1 1 1 1 1 1 

W18   (IOW18)             : INPUT     :  1 1 1 1 1 1 1 1 1 1 1 1 1 1 1 1 1 
W18   (IOW18)             : OUTPUT3   :  0 0 0 0 0 0 0 0 0 0 0 0 0 0 0 0 0 
W18   (IOW18)             : CONTROL   :  0 0 0 0 0 0 0 0 0 0 0 0 0 0 0 0 0 

W20   (IOW20)             : INPUT     :  1 1 1 1 1 1 1 1 1 1 1 1 1 1 1 1 1 
W20   (IOW20)             : OUTPUT3   :  0 0 0 0 0 0 0 0 0 0 0 0 0 0 0 0 0 
W20   (IOW20)             : CONTROL   :  0 0 0 0 0 0 0 0 0 0 0 0 0 0 0 0 0 

W21   (IOW21)             : INPUT     :  1 1 1 1 1 1 1 1 1 1 1 1 1 1 1 1 1 
W21   (IOW21)             : OUTPUT3   :  1 1 1 1 1 1 1 1 1 1 1 1 1 1 1 1 1 
W21   (IOW21)             : CONTROL   :  1 1 1 1 1 1 1 1 1 1 1 1 1 1 1 1 1 

W22   (IOW22)             : INPUT     :  1 1 1 1 1 1 1 1 1 1 1 1 1 1 1 1 1 
W22   (IOW22)             : OUTPUT3   :  1 1 1 1 1 1 1 1 1 1 1 1 1 1 1 1 1 
W22   (IOW22)             : CONTROL   :  1 1 1 1 1 1 1 1 1 1 1 1 1 1 1 1 1 

W5    (IOW5)              : INPUT     :  1 1 1 1 1 1 1 1 1 1 1 1 1 1 1 1 1 
W5    (IOW5)              : OUTPUT3   :  1 1 1 1 1 1 1 1 1 1 1 1 1 1 1 1 1 
W5    (IOW5)              : CONTROL   :  1 1 1 1 1 1 1 1 1 1 1 1 1 1 1 1 1 

Y10   (IOY10)             : INPUT     :  1 1 1 1 1 1 1 1 1 1 1 1 1 1 1 1 1 
Y10   (IOY10)             : OUTPUT3   :  0 0 0 0 0 0 0 0 0 0 0 0 0 0 0 0 0 
Y10   (IOY10)             : CONTROL   :  0 0 0 0 0 0 0 0 0 0 0 0 0 0 0 0 0 

Y16   (IOY16)             : INPUT     :  1 1 1 1 1 1 1 1 1 1 1 1 1 1 1 1 1 
Y16   (IOY16)             : OUTPUT3   :  1 1 1 1 1 1 1 1 1 1 1 1 1 1 1 1 1 
Y16   (IOY16)             : CONTROL   :  0 0 0 0 0 0 0 0 0 0 0 0 0 0 0 0 0 

Y21   (IOY21)             : INPUT     :  1 1 1 1 1 1 1 1 1 1 1 1 1 1 1 1 1 
Y21   (IOY21)             : OUTPUT3   :  1 1 1 1 1 1 1 1 1 1 1 1 1 1 1 1 1 
Y21   (IOY21)             : CONTROL   :  1 1 1 1 1 1 1 1 1 1 1 1 1 1 1 1 1 

Y22   (IOY22)             : INPUT     :  1 1 1 1 1 1 1 1 1 1 1 1 1 1 1 1 1 
Y22   (IOY22)             : OUTPUT3   :  1 1 1 1 1 1 1 1 1 1 1 1 1 1 1 1 1 
Y22   (IOY22)             : CONTROL   :  1 1 1 1 1 1 1 1 1 1 1 1 1 1 1 1 1 

Y7    (IOY7)              : INPUT     :  1 1 1 1 1 1 1 1 1 1 1 1 1 1 1 1 1 
Y7    (IOY7)              : OUTPUT3   :  0 0 0 0 0 0 0 0 0 0 0 0 0 0 0 0 0 
Y7    (IOY7)              : CONTROL   :  0 0 0 0 0 0 0 0 0 0 0 0 0 0 0 0 0 

Y9    (IOY9)              : INPUT     :  1 1 1 1 1 1 1 1 1 1 1 1 1 1 1 1 1 
Y9    (IOY9)              : OUTPUT3   :  0 0 0 0 0 0 0 0 0 0 0 0 0 0 0 0 0 
Y9    (IOY9)              : CONTROL   :  0 0 0 0 0 0 0 0 0 0 0 0 0 0 0 0 0 

M17   (MSEL0)             : INPUT     :  1 1 1 1 1 1 1 1 1 1 1 1 1 1 1 1 1 

N17   (MSEL1)             : INPUT     :  0 0 0 0 0 0 0 0 0 0 0 0 0 0 0 0 0 

L2    (clk25)             : INPUT     :  1 0 1 1 1 1 0 0 0 0 0 0 1 0 1 0 0 ! 

A4    (clk_to_sdram[0])   : INPUT     :  1 1 1 1 1 1 1 1 1 1 1 1 1 1 1 1 1 
A4    (clk_to_sdram[0])   : OUTPUT3   :  1 0 0 1 1 1 0 1 1 0 1 0 0 1 0 1 0 ! 
A4    (clk_to_sdram[0])   : CONTROL   :  0 0 0 0 0 0 0 0 0 0 0 0 0 0 0 0 0 

B4    (clk_to_sdram_n[0]) : INPUT     :  1 1 1 1 1 1 1 1 1 1 1 1 1 1 1 1 1 
B4    (clk_to_sdram_n[0]) : OUTPUT3   :  0 1 1 0 0 0 1 0 0 1 0 1 1 0 1 0 1 ! 
B4    (clk_to_sdram_n[0]) : CONTROL   :  0 0 0 0 0 0 0 0 0 0 0 0 0 0 0 0 0 

A10   (ddr_a[0])          : INPUT     :  1 1 1 1 1 1 1 1 1 1 1 1 1 1 1 1 1 
A10   (ddr_a[0])          : OUTPUT3   :  0 0 0 0 0 0 0 0 0 0 0 0 0 0 0 0 0 
A10   (ddr_a[0])          : CONTROL   :  0 0 0 0 0 0 0 0 0 0 0 0 0 0 0 0 0 

A3    (ddr_a[10])         : INPUT     :  1 1 1 1 1 1 1 1 1 1 1 1 1 1 1 1 1 
A3    (ddr_a[10])         : OUTPUT3   :  0 0 0 0 0 0 0 0 0 0 0 0 0 0 0 0 0 
A3    (ddr_a[10])         : CONTROL   :  0 0 0 0 0 0 0 0 0 0 0 0 0 0 0 0 0 

D11   (ddr_a[11])         : INPUT     :  1 1 1 1 1 1 1 1 1 1 1 1 1 1 1 1 1 
D11   (ddr_a[11])         : OUTPUT3   :  0 0 0 0 0 0 0 0 0 0 0 0 0 0 0 0 0 
D11   (ddr_a[11])         : CONTROL   :  0 0 0 0 0 0 0 0 0 0 0 0 0 0 0 0 0 

D9    (ddr_a[12])         : INPUT     :  1 1 1 1 1 1 1 1 1 1 1 1 1 1 1 1 1 
D9    (ddr_a[12])         : OUTPUT3   :  0 0 0 0 0 0 0 0 0 0 0 0 0 0 0 0 0 
D9    (ddr_a[12])         : CONTROL   :  0 0 0 0 0 0 0 0 0 0 0 0 0 0 0 0 0 

A9    (ddr_a[1])          : INPUT     :  1 1 1 1 1 1 1 1 1 1 1 1 1 1 1 1 1 
A9    (ddr_a[1])          : OUTPUT3   :  0 0 0 0 0 0 0 0 0 0 0 0 0 0 0 0 0 
A9    (ddr_a[1])          : CONTROL   :  0 0 0 0 0 0 0 0 0 0 0 0 0 0 0 0 0 

A7    (ddr_a[2])          : INPUT     :  1 1 1 1 1 1 1 1 1 1 1 1 1 1 1 1 1 
A7    (ddr_a[2])          : OUTPUT3   :  0 0 0 0 0 0 0 0 0 0 0 0 0 0 0 0 0 
A7    (ddr_a[2])          : CONTROL   :  0 0 0 0 0 0 0 0 0 0 0 0 0 0 0 0 0 

B11   (ddr_a[3])          : INPUT     :  1 1 1 1 1 1 1 1 1 1 1 1 1 1 1 1 1 
B11   (ddr_a[3])          : OUTPUT3   :  0 0 0 0 0 0 0 0 0 0 0 1 0 0 0 0 0 ! 
B11   (ddr_a[3])          : CONTROL   :  0 0 0 0 0 0 0 0 0 0 0 0 0 0 0 0 0 

B10   (ddr_a[4])          : INPUT     :  1 1 1 1 1 1 1 1 1 1 1 1 1 1 1 1 1 
B10   (ddr_a[4])          : OUTPUT3   :  0 0 0 0 0 0 0 0 0 0 0 1 0 0 0 0 0 ! 
B10   (ddr_a[4])          : CONTROL   :  0 0 0 0 0 0 0 0 0 0 0 0 0 0 0 0 0 

B9    (ddr_a[5])          : INPUT     :  1 1 1 1 1 1 1 1 1 1 1 1 1 1 1 1 1 
B9    (ddr_a[5])          : OUTPUT3   :  0 0 0 0 0 0 0 0 0 0 0 1 0 0 0 0 0 ! 
B9    (ddr_a[5])          : CONTROL   :  0 0 0 0 0 0 0 0 0 0 0 0 0 0 0 0 0 

B8    (ddr_a[6])          : INPUT     :  1 1 1 1 1 1 1 1 1 1 1 1 1 1 1 1 1 
B8    (ddr_a[6])          : OUTPUT3   :  0 0 0 0 0 0 0 0 0 0 0 0 0 0 0 0 0 
B8    (ddr_a[6])          : CONTROL   :  0 0 0 0 0 0 0 0 0 0 0 0 0 0 0 0 0 

B7    (ddr_a[7])          : INPUT     :  1 1 1 1 1 1 1 1 1 1 1 1 1 1 1 1 1 
B7    (ddr_a[7])          : OUTPUT3   :  0 0 0 0 0 0 0 0 0 0 0 0 0 0 0 0 0 
B7    (ddr_a[7])          : CONTROL   :  0 0 0 0 0 0 0 0 0 0 0 0 0 0 0 0 0 

B6    (ddr_a[8])          : INPUT     :  1 1 1 1 1 1 1 1 1 1 1 1 1 1 1 1 1 
B6    (ddr_a[8])          : OUTPUT3   :  0 0 0 0 0 0 0 0 0 0 0 1 0 0 0 0 0 ! 
B6    (ddr_a[8])          : CONTROL   :  0 0 0 0 0 0 0 0 0 0 0 0 0 0 0 0 0 

B5    (ddr_a[9])          : INPUT     :  1 1 1 1 1 1 1 1 1 1 1 1 1 1 1 1 1 
B5    (ddr_a[9])          : OUTPUT3   :  0 0 0 0 0 0 0 0 0 0 0 0 0 0 0 0 0 
B5    (ddr_a[9])          : CONTROL   :  0 0 0 0 0 0 0 0 0 0 0 0 0 0 0 0 0 

C17   (ddr_ba[0])         : INPUT     :  1 1 1 1 1 1 1 1 1 1 1 1 1 1 1 1 1 
C17   (ddr_ba[0])         : OUTPUT3   :  0 0 0 0 0 0 0 0 0 0 0 0 0 0 0 0 0 
C17   (ddr_ba[0])         : CONTROL   :  0 0 0 0 0 0 0 0 0 0 0 0 0 0 0 0 0 

C18   (ddr_ba[1])         : INPUT     :  1 1 1 1 1 1 1 1 1 1 1 1 1 1 1 1 1 
C18   (ddr_ba[1])         : OUTPUT3   :  0 0 0 0 0 0 0 0 0 0 0 0 0 0 0 0 0 
C18   (ddr_ba[1])         : CONTROL   :  0 0 0 0 0 0 0 0 0 0 0 0 0 0 0 0 0 

B17   (ddr_cas_n)         : INPUT     :  1 1 1 1 1 1 1 1 1 1 1 1 1 1 1 1 1 
B17   (ddr_cas_n)         : OUTPUT3   :  1 1 1 1 1 1 1 1 1 1 1 0 1 1 1 1 1 ! 
B17   (ddr_cas_n)         : CONTROL   :  0 0 0 0 0 0 0 0 0 0 0 0 0 0 0 0 0 

C9    (ddr_cke[0])        : INPUT     :  1 1 1 1 1 1 1 1 1 1 1 1 1 1 1 1 1 
C9    (ddr_cke[0])        : OUTPUT3   :  1 1 1 1 1 1 1 1 1 1 1 1 1 1 1 1 1 
C9    (ddr_cke[0])        : CONTROL   :  0 0 0 0 0 0 0 0 0 0 0 0 0 0 0 0 0 

A5    (ddr_cs_n[0])       : INPUT     :  1 1 1 1 1 1 1 1 1 1 1 1 1 1 1 1 1 
A5    (ddr_cs_n[0])       : OUTPUT3   :  1 1 1 1 1 1 1 1 1 1 1 0 1 1 1 1 1 ! 
A5    (ddr_cs_n[0])       : CONTROL   :  0 0 0 0 0 0 0 0 0 0 0 0 0 0 0 0 0 

E14   (ddr_dm[0])         : INPUT     :  1 1 1 1 1 1 1 1 1 1 1 1 1 1 1 1 1 
E14   (ddr_dm[0])         : OUTPUT3   :  1 1 1 1 1 1 1 1 1 1 1 1 1 1 1 1 1 
E14   (ddr_dm[0])         : CONTROL   :  0 0 0 0 0 0 0 0 0 0 0 0 0 0 0 0 0 

A14   (ddr_dm[1])         : INPUT     :  1 1 1 1 1 1 1 1 1 1 1 1 1 1 1 1 1 
A14   (ddr_dm[1])         : OUTPUT3   :  1 1 1 1 1 1 1 1 1 1 1 1 1 1 1 1 1 
A14   (ddr_dm[1])         : CONTROL   :  0 0 0 0 0 0 0 0 0 0 0 0 0 0 0 0 0 

B20   (ddr_dq[0])         : INPUT     :  0 0 0 0 0 1 0 0 0 0 0 0 0 0 0 1 0 ! 
B20   (ddr_dq[0])         : OUTPUT3   :  0 0 0 1 0 1 0 0 0 0 0 1 0 0 0 0 1 ! 
B20   (ddr_dq[0])         : CONTROL   :  1 1 1 1 1 1 1 1 1 1 1 1 1 1 1 1 1 

F13   (ddr_dq[10])        : INPUT     :  0 0 0 0 0 0 1 0 0 0 0 0 0 0 0 0 0 ! 
F13   (ddr_dq[10])        : OUTPUT3   :  0 0 1 1 0 0 0 0 1 1 1 0 0 0 0 0 1 ! 
F13   (ddr_dq[10])        : CONTROL   :  1 1 1 1 1 1 1 1 1 1 1 1 1 1 1 1 1 

B16   (ddr_dq[11])        : INPUT     :  0 0 0 0 0 0 1 0 0 0 0 0 0 0 0 0 0 ! 
B16   (ddr_dq[11])        : OUTPUT3   :  0 0 0 0 1 1 0 0 1 1 1 0 0 0 0 0 0 ! 
B16   (ddr_dq[11])        : CONTROL   :  1 1 1 1 1 1 1 1 1 1 1 1 1 1 1 1 1 

A16   (ddr_dq[12])        : INPUT     :  0 0 0 0 0 0 1 1 0 0 0 0 0 0 0 0 0 ! 
A16   (ddr_dq[12])        : OUTPUT3   :  0 0 0 0 0 0 0 0 0 0 0 1 0 1 0 0 1 ! 
A16   (ddr_dq[12])        : CONTROL   :  1 1 1 1 1 1 1 1 1 1 1 1 1 1 1 1 1 

B15   (ddr_dq[13])        : INPUT     :  0 0 0 0 0 1 0 0 0 1 0 0 0 1 0 0 0 ! 
B15   (ddr_dq[13])        : OUTPUT3   :  0 0 0 0 0 0 0 0 0 0 0 0 0 0 0 0 0 
B15   (ddr_dq[13])        : CONTROL   :  1 1 1 1 1 1 1 1 1 1 1 1 1 1 1 1 1 

A15   (ddr_dq[14])        : INPUT     :  0 0 0 0 0 0 1 0 0 1 0 0 0 1 0 0 0 ! 
A15   (ddr_dq[14])        : OUTPUT3   :  0 0 0 0 0 0 0 0 0 0 0 0 0 0 0 0 0 
A15   (ddr_dq[14])        : CONTROL   :  1 1 1 1 1 1 1 1 1 1 1 1 1 1 1 1 1 

F12   (ddr_dq[15])        : INPUT     :  0 0 0 0 0 0 1 0 0 1 0 0 0 1 0 0 0 ! 
F12   (ddr_dq[15])        : OUTPUT3   :  0 0 1 1 1 1 0 0 1 1 1 1 0 1 0 0 1 ! 
F12   (ddr_dq[15])        : CONTROL   :  1 1 1 1 1 1 1 1 1 1 1 1 1 1 1 1 1 

A20   (ddr_dq[1])         : INPUT     :  0 0 1 0 0 1 0 0 0 0 0 0 1 0 1 0 1 ! 
A20   (ddr_dq[1])         : OUTPUT3   :  0 0 0 1 0 1 0 0 1 1 0 1 0 1 0 0 0 ! 
A20   (ddr_dq[1])         : CONTROL   :  1 1 1 1 1 1 1 1 1 1 1 1 1 1 1 1 1 

B19   (ddr_dq[2])         : INPUT     :  0 0 1 0 0 0 0 0 0 0 0 0 1 0 1 0 1 ! 
B19   (ddr_dq[2])         : OUTPUT3   :  0 0 0 0 0 1 0 0 1 0 0 0 0 1 0 0 1 ! 
B19   (ddr_dq[2])         : CONTROL   :  1 1 1 1 1 1 1 1 1 1 1 1 1 1 1 1 1 

A19   (ddr_dq[3])         : INPUT     :  0 0 0 0 0 0 0 0 0 0 0 0 0 0 0 0 0 
A19   (ddr_dq[3])         : OUTPUT3   :  0 0 0 0 0 0 0 0 1 0 1 0 0 1 0 0 0 ! 
A19   (ddr_dq[3])         : CONTROL   :  1 1 1 1 1 1 1 1 1 1 1 1 1 1 1 1 1 

D16   (ddr_dq[4])         : INPUT     :  0 0 0 0 0 0 0 0 0 0 0 0 0 0 0 0 0 
D16   (ddr_dq[4])         : OUTPUT3   :  0 0 0 1 1 1 0 0 0 1 1 0 0 1 0 0 0 ! 
D16   (ddr_dq[4])         : CONTROL   :  1 1 1 1 1 1 1 1 1 1 1 1 1 1 1 1 1 

E15   (ddr_dq[5])         : INPUT     :  0 0 0 0 0 1 0 0 0 0 0 0 0 0 0 1 0 ! 
E15   (ddr_dq[5])         : OUTPUT3   :  0 0 1 0 1 0 0 0 1 0 1 1 0 1 0 0 1 ! 
E15   (ddr_dq[5])         : CONTROL   :  1 1 1 1 1 1 1 1 1 1 1 1 1 1 1 1 1 

D15   (ddr_dq[6])         : INPUT     :  0 0 0 0 0 0 1 0 0 0 0 0 0 1 0 0 0 ! 
D15   (ddr_dq[6])         : OUTPUT3   :  0 0 0 1 1 0 0 0 1 0 0 1 0 1 0 0 0 ! 
D15   (ddr_dq[6])         : CONTROL   :  1 1 1 1 1 1 1 1 1 1 1 1 1 1 1 1 1 

C14   (ddr_dq[7])         : INPUT     :  0 0 0 0 0 0 1 0 0 1 0 0 0 1 0 0 0 ! 
C14   (ddr_dq[7])         : OUTPUT3   :  0 0 1 1 1 0 0 0 0 1 1 1 0 1 0 0 0 ! 
C14   (ddr_dq[7])         : CONTROL   :  1 1 1 1 1 1 1 1 1 1 1 1 1 1 1 1 1 

D14   (ddr_dq[8])         : INPUT     :  0 0 0 0 0 0 0 0 0 0 0 0 0 0 0 0 0 
D14   (ddr_dq[8])         : OUTPUT3   :  0 0 0 1 0 0 0 0 1 0 1 0 0 0 0 0 0 ! 
D14   (ddr_dq[8])         : CONTROL   :  1 1 1 1 1 1 1 1 1 1 1 1 1 1 1 1 1 

F14   (ddr_dq[9])         : INPUT     :  0 0 1 0 0 0 1 0 0 0 0 0 1 0 1 0 1 ! 
F14   (ddr_dq[9])         : OUTPUT3   :  0 0 1 1 0 1 0 0 0 1 1 0 0 1 0 0 1 ! 
F14   (ddr_dq[9])         : CONTROL   :  1 1 1 1 1 1 1 1 1 1 1 1 1 1 1 1 1 

A17   (ddr_dqs[0])        : INPUT     :  0 0 0 0 0 0 0 0 0 0 0 0 0 0 0 0 0 
A17   (ddr_dqs[0])        : OUTPUT3   :  0 0 0 0 0 0 0 0 0 0 0 0 0 0 0 0 0 
A17   (ddr_dqs[0])        : CONTROL   :  1 1 1 1 1 1 1 1 1 1 1 1 1 1 1 1 1 

A13   (ddr_dqs[1])        : INPUT     :  0 0 0 0 0 0 0 0 0 0 0 0 0 0 0 0 0 
A13   (ddr_dqs[1])        : OUTPUT3   :  0 0 0 0 0 0 0 0 0 0 0 0 0 0 0 0 0 
A13   (ddr_dqs[1])        : CONTROL   :  1 1 1 1 1 1 1 1 1 1 1 1 1 1 1 1 1 

B18   (ddr_ras_n)         : INPUT     :  1 1 1 1 1 1 1 1 1 1 1 1 1 1 1 1 1 
B18   (ddr_ras_n)         : OUTPUT3   :  0 1 1 1 1 1 1 1 1 1 1 1 1 1 1 1 1 ! 
B18   (ddr_ras_n)         : CONTROL   :  0 0 0 0 0 0 0 0 0 0 0 0 0 0 0 0 0 

B14   (ddr_we_n)          : INPUT     :  1 1 1 1 1 1 1 1 1 1 1 1 1 1 1 1 1 
B14   (ddr_we_n)          : OUTPUT3   :  1 1 1 1 1 1 1 1 1 1 1 1 1 1 1 1 1 
B14   (ddr_we_n)          : CONTROL   :  0 0 0 0 0 0 0 0 0 0 0 0 0 0 0 0 0 

AA10  (flash_a[0])        : INPUT     :  1 1 1 1 1 1 1 1 1 1 1 1 1 1 1 1 1 
AA10  (flash_a[0])        : OUTPUT3   :  0 0 0 0 0 0 0 0 0 0 0 0 0 0 0 0 0 
AA10  (flash_a[0])        : CONTROL   :  0 0 0 0 0 0 0 0 0 0 0 0 0 0 0 0 0 

W14   (flash_a[10])       : INPUT     :  1 1 1 1 1 1 1 1 1 1 1 1 1 1 1 1 1 
W14   (flash_a[10])       : OUTPUT3   :  0 0 0 0 0 0 0 0 0 0 0 0 0 0 0 0 0 
W14   (flash_a[10])       : CONTROL   :  0 0 0 0 0 0 0 0 0 0 0 0 0 0 0 0 0 

V14   (flash_a[11])       : INPUT     :  1 1 1 1 1 1 1 1 1 1 1 1 1 1 1 1 1 
V14   (flash_a[11])       : OUTPUT3   :  0 0 0 0 0 0 0 0 0 0 0 0 0 0 0 0 0 
V14   (flash_a[11])       : CONTROL   :  0 0 0 0 0 0 0 0 0 0 0 0 0 0 0 0 0 

W15   (flash_a[12])       : INPUT     :  1 1 1 1 1 1 1 1 1 1 1 1 1 1 1 1 1 
W15   (flash_a[12])       : OUTPUT3   :  1 1 1 1 1 1 1 1 1 1 1 1 1 1 1 1 1 
W15   (flash_a[12])       : CONTROL   :  0 0 0 0 0 0 0 0 0 0 0 0 0 0 0 0 0 

V15   (flash_a[13])       : INPUT     :  1 1 1 1 1 1 1 1 1 1 1 1 1 1 1 1 1 
V15   (flash_a[13])       : OUTPUT3   :  0 0 0 0 0 0 0 0 0 0 0 0 0 0 0 0 0 
V15   (flash_a[13])       : CONTROL   :  0 0 0 0 0 0 0 0 0 0 0 0 0 0 0 0 0 

W16   (flash_a[14])       : INPUT     :  1 1 1 1 1 1 1 1 1 1 1 1 1 1 1 1 1 
W16   (flash_a[14])       : OUTPUT3   :  1 1 1 1 1 1 1 1 1 1 1 1 1 1 1 1 1 
W16   (flash_a[14])       : CONTROL   :  0 0 0 0 0 0 0 0 0 0 0 0 0 0 0 0 0 

AA17  (flash_a[15])       : INPUT     :  1 1 1 1 1 1 1 1 1 1 1 1 1 1 1 1 1 
AA17  (flash_a[15])       : OUTPUT3   :  1 1 1 1 1 1 1 1 1 1 1 1 1 1 1 1 1 
AA17  (flash_a[15])       : CONTROL   :  0 0 0 0 0 0 0 0 0 0 0 0 0 0 0 0 0 

Y17   (flash_a[16])       : INPUT     :  1 1 1 1 1 1 1 1 1 1 1 1 1 1 1 1 1 
Y17   (flash_a[16])       : OUTPUT3   :  0 0 0 0 0 0 0 0 0 0 0 0 0 0 0 0 0 
Y17   (flash_a[16])       : CONTROL   :  0 0 0 0 0 0 0 0 0 0 0 0 0 0 0 0 0 

U8    (flash_a[17])       : INPUT     :  1 1 1 1 1 1 1 1 1 1 1 1 1 1 1 1 1 
U8    (flash_a[17])       : OUTPUT3   :  0 0 0 0 0 0 0 0 0 0 0 0 0 0 0 0 0 
U8    (flash_a[17])       : CONTROL   :  0 0 0 0 0 0 0 0 0 0 0 0 0 0 0 0 0 

U9    (flash_a[18])       : INPUT     :  1 1 1 1 1 1 1 1 1 1 1 1 1 1 1 1 1 
U9    (flash_a[18])       : OUTPUT3   :  0 0 0 0 0 0 0 0 0 0 0 0 0 0 0 0 0 
U9    (flash_a[18])       : CONTROL   :  0 0 0 0 0 0 0 0 0 0 0 0 0 0 0 0 0 

U10   (flash_a[19])       : INPUT     :  1 1 1 1 1 1 1 1 1 1 1 1 1 1 1 1 1 
U10   (flash_a[19])       : OUTPUT3   :  0 0 0 0 0 0 0 0 0 0 0 0 0 0 0 0 0 
U10   (flash_a[19])       : CONTROL   :  0 0 0 0 0 0 0 0 0 0 0 0 0 0 0 0 0 

AA11  (flash_a[1])        : INPUT     :  1 1 1 1 1 1 1 1 1 1 1 1 1 1 1 1 1 
AA11  (flash_a[1])        : OUTPUT3   :  0 0 0 0 0 0 0 0 0 0 0 0 0 0 0 0 0 
AA11  (flash_a[1])        : CONTROL   :  0 0 0 0 0 0 0 0 0 0 0 0 0 0 0 0 0 

U13   (flash_a[20])       : INPUT     :  1 1 1 1 1 1 1 1 1 1 1 1 1 1 1 1 1 
U13   (flash_a[20])       : OUTPUT3   :  0 0 0 0 0 0 0 0 0 0 0 0 0 0 0 0 0 
U13   (flash_a[20])       : CONTROL   :  0 0 0 0 0 0 0 0 0 0 0 0 0 0 0 0 0 

W11   (flash_a[2])        : INPUT     :  1 1 1 1 1 1 1 1 1 1 1 1 1 1 1 1 1 
W11   (flash_a[2])        : OUTPUT3   :  0 0 0 0 0 0 0 0 0 0 0 0 0 0 0 0 0 
W11   (flash_a[2])        : CONTROL   :  0 0 0 0 0 0 0 0 0 0 0 0 0 0 0 0 0 

V11   (flash_a[3])        : INPUT     :  1 1 1 1 1 1 1 1 1 1 1 1 1 1 1 1 1 
V11   (flash_a[3])        : OUTPUT3   :  0 0 0 0 0 0 0 0 0 0 0 0 0 0 0 0 0 
V11   (flash_a[3])        : CONTROL   :  0 0 0 0 0 0 0 0 0 0 0 0 0 0 0 0 0 

AA12  (flash_a[4])        : INPUT     :  1 1 1 1 1 1 1 1 1 1 1 1 1 1 1 1 1 
AA12  (flash_a[4])        : OUTPUT3   :  0 0 0 0 0 0 0 0 0 0 0 0 0 0 0 0 0 
AA12  (flash_a[4])        : CONTROL   :  0 0 0 0 0 0 0 0 0 0 0 0 0 0 0 0 0 

AB13  (flash_a[5])        : INPUT     :  1 1 1 1 1 1 1 1 1 1 1 1 1 1 1 1 1 
AB13  (flash_a[5])        : OUTPUT3   :  0 0 0 0 0 0 0 0 0 0 0 0 0 0 0 0 0 
AB13  (flash_a[5])        : CONTROL   :  0 0 0 0 0 0 0 0 0 0 0 0 0 0 0 0 0 

AA13  (flash_a[6])        : INPUT     :  1 1 1 1 1 1 1 1 1 1 1 1 1 1 1 1 1 
AA13  (flash_a[6])        : OUTPUT3   :  0 0 0 0 0 0 0 0 0 0 0 0 0 0 0 0 0 
AA13  (flash_a[6])        : CONTROL   :  0 0 0 0 0 0 0 0 0 0 0 0 0 0 0 0 0 

AB14  (flash_a[7])        : INPUT     :  1 1 1 1 1 1 1 1 1 1 1 1 1 1 1 1 1 
AB14  (flash_a[7])        : OUTPUT3   :  0 0 0 0 0 0 0 0 0 0 0 0 0 0 0 0 0 
AB14  (flash_a[7])        : CONTROL   :  0 0 0 0 0 0 0 0 0 0 0 0 0 0 0 0 0 

AA14  (flash_a[8])        : INPUT     :  1 1 1 1 1 1 1 1 1 1 1 1 1 1 1 1 1 
AA14  (flash_a[8])        : OUTPUT3   :  0 0 0 0 0 0 0 0 0 0 0 0 0 0 0 0 0 
AA14  (flash_a[8])        : CONTROL   :  0 0 0 0 0 0 0 0 0 0 0 0 0 0 0 0 0 

Y14   (flash_a[9])        : INPUT     :  1 1 1 1 1 1 1 1 1 1 1 1 1 1 1 1 1 
Y14   (flash_a[9])        : OUTPUT3   :  0 0 0 0 0 0 0 0 0 0 0 0 0 0 0 0 0 
Y14   (flash_a[9])        : CONTROL   :  0 0 0 0 0 0 0 0 0 0 0 0 0 0 0 0 0 

Y18   (flash_ce_)         : INPUT     :  1 1 1 1 1 1 1 1 1 1 1 1 1 1 1 1 1 
Y18   (flash_ce_)         : OUTPUT3   :  0 0 0 0 0 0 0 0 0 0 0 0 0 0 0 0 0 
Y18   (flash_ce_)         : CONTROL   :  0 0 0 0 0 0 0 0 0 0 0 0 0 0 0 0 0 

AB6   (flash_dq[0])       : INPUT     :  1 1 1 1 1 1 1 1 1 1 1 1 1 1 1 1 1 
AB6   (flash_dq[0])       : OUTPUT3   :  0 0 0 0 0 0 0 0 0 0 0 0 0 0 0 0 0 
AB6   (flash_dq[0])       : CONTROL   :  0 0 0 0 0 0 0 0 0 0 0 0 0 0 0 0 0 

V8    (flash_dq[10])      : INPUT     :  1 1 1 1 1 1 1 1 1 1 1 1 1 1 1 1 1 
V8    (flash_dq[10])      : OUTPUT3   :  0 0 0 0 0 0 0 0 0 0 0 0 0 0 0 0 0 
V8    (flash_dq[10])      : CONTROL   :  0 0 0 0 0 0 0 0 0 0 0 0 0 0 0 0 0 

AB9   (flash_dq[11])      : INPUT     :  1 1 1 1 1 1 1 1 1 1 1 1 1 1 1 1 1 
AB9   (flash_dq[11])      : OUTPUT3   :  0 0 0 0 0 0 0 0 0 0 0 0 0 0 0 0 0 
AB9   (flash_dq[11])      : CONTROL   :  0 0 0 0 0 0 0 0 0 0 0 0 0 0 0 0 0 

AA9   (flash_dq[12])      : INPUT     :  1 1 1 1 1 1 1 1 1 1 1 1 1 1 1 1 1 
AA9   (flash_dq[12])      : OUTPUT3   :  0 0 0 0 0 0 0 0 0 0 0 0 0 0 0 0 0 
AA9   (flash_dq[12])      : CONTROL   :  0 0 0 0 0 0 0 0 0 0 0 0 0 0 0 0 0 

W9    (flash_dq[13])      : INPUT     :  1 1 1 1 1 1 1 1 1 1 1 1 1 1 1 1 1 
W9    (flash_dq[13])      : OUTPUT3   :  0 0 0 0 0 0 0 0 0 0 0 0 0 0 0 0 0 
W9    (flash_dq[13])      : CONTROL   :  0 0 0 0 0 0 0 0 0 0 0 0 0 0 0 0 0 

V9    (flash_dq[14])      : INPUT     :  1 1 1 1 1 1 1 1 1 1 1 1 1 1 1 1 1 
V9    (flash_dq[14])      : OUTPUT3   :  0 0 0 0 0 0 0 0 0 0 0 0 0 0 0 0 0 
V9    (flash_dq[14])      : CONTROL   :  0 0 0 0 0 0 0 0 0 0 0 0 0 0 0 0 0 

AB10  (flash_dq[15])      : INPUT     :  1 1 1 1 1 1 1 1 1 1 1 1 1 1 1 1 1 
AB10  (flash_dq[15])      : OUTPUT3   :  0 0 0 0 0 0 0 0 0 0 0 0 0 0 0 0 0 
AB10  (flash_dq[15])      : CONTROL   :  0 0 0 0 0 0 0 0 0 0 0 0 0 0 0 0 0 

AA6   (flash_dq[1])       : INPUT     :  1 1 1 1 1 1 1 1 1 1 1 1 1 1 1 1 1 
AA6   (flash_dq[1])       : OUTPUT3   :  0 0 0 0 0 0 0 0 0 0 0 0 0 0 0 0 0 
AA6   (flash_dq[1])       : CONTROL   :  0 0 0 0 0 0 0 0 0 0 0 0 0 0 0 0 0 

Y6    (flash_dq[2])       : INPUT     :  1 1 1 1 1 1 1 1 1 1 1 1 1 1 1 1 1 
Y6    (flash_dq[2])       : OUTPUT3   :  0 0 0 0 0 0 0 0 0 0 0 0 0 0 0 0 0 
Y6    (flash_dq[2])       : CONTROL   :  0 0 0 0 0 0 0 0 0 0 0 0 0 0 0 0 0 

Y5    (flash_dq[3])       : INPUT     :  1 1 1 1 1 1 1 1 1 1 1 1 1 1 1 1 1 
Y5    (flash_dq[3])       : OUTPUT3   :  0 0 0 0 0 0 0 0 0 0 0 0 0 0 0 0 0 
Y5    (flash_dq[3])       : CONTROL   :  0 0 0 0 0 0 0 0 0 0 0 0 0 0 0 0 0 

AB7   (flash_dq[4])       : INPUT     :  1 1 1 1 1 1 1 1 1 1 1 1 1 1 1 1 1 
AB7   (flash_dq[4])       : OUTPUT3   :  0 0 0 0 0 0 0 0 0 0 0 0 0 0 0 0 0 
AB7   (flash_dq[4])       : CONTROL   :  0 0 0 0 0 0 0 0 0 0 0 0 0 0 0 0 0 

AA7   (flash_dq[5])       : INPUT     :  1 1 1 1 1 1 1 1 1 1 1 1 1 1 1 1 1 
AA7   (flash_dq[5])       : OUTPUT3   :  0 0 0 0 0 0 0 0 0 0 0 0 0 0 0 0 0 
AA7   (flash_dq[5])       : CONTROL   :  0 0 0 0 0 0 0 0 0 0 0 0 0 0 0 0 0 

W7    (flash_dq[6])       : INPUT     :  1 1 1 1 1 1 1 1 1 1 1 1 1 1 1 1 1 
W7    (flash_dq[6])       : OUTPUT3   :  0 0 0 0 0 0 0 0 0 0 0 0 0 0 0 0 0 
W7    (flash_dq[6])       : CONTROL   :  0 0 0 0 0 0 0 0 0 0 0 0 0 0 0 0 0 

AB8   (flash_dq[7])       : INPUT     :  1 1 1 1 1 1 1 1 1 1 1 1 1 1 1 1 1 
AB8   (flash_dq[7])       : OUTPUT3   :  0 0 0 0 0 0 0 0 0 0 0 0 0 0 0 0 0 
AB8   (flash_dq[7])       : CONTROL   :  0 0 0 0 0 0 0 0 0 0 0 0 0 0 0 0 0 

AA8   (flash_dq[8])       : INPUT     :  1 1 1 1 1 1 1 1 1 1 1 1 1 1 1 1 1 
AA8   (flash_dq[8])       : OUTPUT3   :  0 0 0 0 0 0 0 0 0 0 0 0 0 0 0 0 0 
AA8   (flash_dq[8])       : CONTROL   :  0 0 0 0 0 0 0 0 0 0 0 0 0 0 0 0 0 

W8    (flash_dq[9])       : INPUT     :  1 1 1 1 1 1 1 1 1 1 1 1 1 1 1 1 1 
W8    (flash_dq[9])       : OUTPUT3   :  0 0 0 0 0 0 0 0 0 0 0 0 0 0 0 0 0 
W8    (flash_dq[9])       : CONTROL   :  0 0 0 0 0 0 0 0 0 0 0 0 0 0 0 0 0 

Y19   (flash_oe_)         : INPUT     :  1 1 1 1 1 1 1 1 1 1 1 1 1 1 1 1 1 
Y19   (flash_oe_)         : OUTPUT3   :  0 0 0 0 0 0 0 0 0 0 0 0 0 0 0 0 0 
Y19   (flash_oe_)         : CONTROL   :  0 0 0 0 0 0 0 0 0 0 0 0 0 0 0 0 0 

Y13   (flash_reset_)      : INPUT     :  1 1 1 1 1 1 1 1 1 1 1 1 1 1 1 1 1 
Y13   (flash_reset_)      : OUTPUT3   :  0 0 0 0 0 0 0 0 0 0 0 0 0 0 0 0 0 
Y13   (flash_reset_)      : CONTROL   :  0 0 0 0 0 0 0 0 0 0 0 0 0 0 0 0 0 

Y20   (flash_we_)         : INPUT     :  1 1 1 1 1 1 1 1 1 1 1 1 1 1 1 1 1 
Y20   (flash_we_)         : OUTPUT3   :  0 0 0 0 0 0 0 0 0 0 0 0 0 0 0 0 0 
Y20   (flash_we_)         : CONTROL   :  0 0 0 0 0 0 0 0 0 0 0 0 0 0 0 0 0 

AA19  (leds[0])           : INPUT     :  1 1 1 1 1 1 1 1 1 1 1 1 1 1 1 1 1 
AA19  (leds[0])           : OUTPUT3   :  1 1 1 1 1 1 1 1 1 1 1 1 1 1 1 1 1 
AA19  (leds[0])           : CONTROL   :  0 0 0 0 0 0 0 0 0 0 0 0 0 0 0 0 0 

AB19  (leds[1])           : INPUT     :  1 1 1 1 1 1 1 1 1 1 1 1 1 1 1 1 1 
AB19  (leds[1])           : OUTPUT3   :  1 1 1 1 1 1 1 1 1 1 1 1 1 1 1 1 1 
AB19  (leds[1])           : CONTROL   :  0 0 0 0 0 0 0 0 0 0 0 0 0 0 0 0 0 

AA15  (leds[2])           : INPUT     :  1 1 1 1 1 1 1 1 1 1 1 1 1 1 1 1 1 
AA15  (leds[2])           : OUTPUT3   :  1 1 1 1 1 1 1 1 1 1 1 1 1 1 1 1 1 
AA15  (leds[2])           : CONTROL   :  0 0 0 0 0 0 0 0 0 0 0 0 0 0 0 0 0 

AB15  (leds[3])           : INPUT     :  1 1 1 1 1 1 1 1 1 1 1 1 1 1 1 1 1 
AB15  (leds[3])           : OUTPUT3   :  1 1 1 1 1 1 1 1 1 1 1 1 1 1 1 1 1 
AB15  (leds[3])           : CONTROL   :  0 0 0 0 0 0 0 0 0 0 0 0 0 0 0 0 0 

T2    (pci_ad[0])         : INPUT     :  0 0 1 1 0 1 0 1 0 0 1 0 1 0 0 0 1 ! 
T2    (pci_ad[0])         : OUTPUT3   :  0 0 1 1 0 1 0 1 1 0 1 0 1 0 0 0 1 ! 
T2    (pci_ad[0])         : CONTROL   :  0 0 0 0 0 0 0 0 1 1 0 0 1 0 0 0 1 ! 

N1    (pci_ad[10])        : INPUT     :  0 0 0 0 1 0 0 0 0 1 0 1 0 0 1 0 0 ! 
N1    (pci_ad[10])        : OUTPUT3   :  0 0 0 0 1 0 0 0 0 1 0 1 0 0 1 0 0 ! 
N1    (pci_ad[10])        : CONTROL   :  0 0 0 0 0 0 0 0 1 1 0 0 1 0 0 0 1 ! 

N2    (pci_ad[11])        : INPUT     :  0 0 0 0 0 0 0 0 0 0 0 0 0 0 0 0 0 
N2    (pci_ad[11])        : OUTPUT3   :  0 0 0 0 0 0 0 0 0 0 0 0 0 0 0 0 0 
N2    (pci_ad[11])        : CONTROL   :  0 0 0 0 0 0 0 0 1 1 0 0 1 0 0 0 1 ! 

N3    (pci_ad[12])        : INPUT     :  0 0 0 0 0 0 0 0 1 1 0 1 0 0 0 0 0 ! 
N3    (pci_ad[12])        : OUTPUT3   :  0 0 0 0 0 0 0 0 0 1 0 1 0 0 0 0 0 ! 
N3    (pci_ad[12])        : CONTROL   :  0 0 0 0 0 0 0 0 1 1 0 0 1 0 0 0 1 ! 

N4    (pci_ad[13])        : INPUT     :  0 0 0 0 1 0 0 0 1 0 0 1 0 0 0 0 0 ! 
N4    (pci_ad[13])        : OUTPUT3   :  0 0 0 0 1 0 0 0 0 0 0 1 0 0 0 0 0 ! 
N4    (pci_ad[13])        : CONTROL   :  0 0 0 0 0 0 0 0 1 1 0 0 1 0 0 0 1 ! 

J2    (pci_ad[14])        : INPUT     :  0 0 0 0 1 0 0 0 1 0 0 1 0 0 0 0 0 ! 
J2    (pci_ad[14])        : OUTPUT3   :  0 0 0 0 1 0 0 0 0 0 0 1 0 0 0 0 0 ! 
J2    (pci_ad[14])        : CONTROL   :  0 0 0 0 0 0 0 0 1 1 0 0 1 0 0 0 1 ! 

J4    (pci_ad[15])        : INPUT     :  0 0 0 0 0 0 0 0 0 1 0 0 0 0 1 0 0 ! 
J4    (pci_ad[15])        : OUTPUT3   :  0 0 0 0 0 0 0 0 0 1 0 0 0 0 1 0 0 ! 
J4    (pci_ad[15])        : CONTROL   :  0 0 0 0 0 0 0 0 1 1 0 0 1 0 0 0 1 ! 

H1    (pci_ad[16])        : INPUT     :  0 0 0 0 0 0 0 0 0 1 0 0 0 0 0 0 0 ! 
H1    (pci_ad[16])        : OUTPUT3   :  0 0 0 0 0 0 0 0 0 1 0 0 0 0 0 0 0 ! 
H1    (pci_ad[16])        : CONTROL   :  0 0 0 0 0 0 0 0 1 1 0 0 1 0 0 0 1 ! 

H2    (pci_ad[17])        : INPUT     :  0 0 0 0 1 0 0 0 1 1 0 1 0 0 1 0 0 ! 
H2    (pci_ad[17])        : OUTPUT3   :  0 0 0 0 1 0 0 0 0 1 0 1 0 0 1 0 0 ! 
H2    (pci_ad[17])        : CONTROL   :  0 0 0 0 0 0 0 0 1 1 0 0 1 0 0 0 1 ! 

H4    (pci_ad[18])        : INPUT     :  0 0 0 0 1 0 0 0 1 1 0 1 0 0 1 0 0 ! 
H4    (pci_ad[18])        : OUTPUT3   :  0 0 0 0 1 0 0 0 0 1 0 1 0 0 1 0 0 ! 
H4    (pci_ad[18])        : CONTROL   :  0 0 0 0 0 0 0 0 1 1 0 0 1 0 0 0 1 ! 

G3    (pci_ad[19])        : INPUT     :  0 0 0 0 0 0 0 0 0 0 0 0 0 0 0 0 0 
G3    (pci_ad[19])        : OUTPUT3   :  0 0 0 0 0 0 0 0 0 0 0 0 0 0 0 0 0 
G3    (pci_ad[19])        : CONTROL   :  0 0 0 0 0 0 0 0 1 1 0 0 1 0 0 0 1 ! 

T3    (pci_ad[1])         : INPUT     :  0 0 0 0 0 1 0 1 0 0 0 0 0 0 0 0 0 ! 
T3    (pci_ad[1])         : OUTPUT3   :  0 0 0 0 0 1 0 1 0 0 0 0 0 0 0 0 0 ! 
T3    (pci_ad[1])         : CONTROL   :  0 0 0 0 0 0 0 0 1 1 0 0 1 0 0 0 1 ! 

G5    (pci_ad[20])        : INPUT     :  0 0 0 0 0 0 0 0 0 0 0 0 0 0 0 0 0 
G5    (pci_ad[20])        : OUTPUT3   :  0 0 0 0 0 0 0 0 0 0 0 0 0 0 0 0 0 
G5    (pci_ad[20])        : CONTROL   :  0 0 0 0 0 0 0 0 1 1 0 0 1 0 0 0 1 ! 

F1    (pci_ad[21])        : INPUT     :  0 0 0 0 0 0 0 0 0 0 0 0 0 0 0 0 0 
F1    (pci_ad[21])        : OUTPUT3   :  0 0 0 0 0 0 0 0 0 0 0 0 0 0 0 0 0 
F1    (pci_ad[21])        : CONTROL   :  0 0 0 0 0 0 0 0 1 1 0 0 1 0 0 0 1 ! 

F2    (pci_ad[22])        : INPUT     :  0 0 0 0 0 0 0 0 0 0 0 0 0 0 0 0 0 
F2    (pci_ad[22])        : OUTPUT3   :  0 0 0 0 0 0 0 0 0 0 0 0 0 0 0 0 0 
F2    (pci_ad[22])        : CONTROL   :  0 0 0 0 0 0 0 0 1 1 0 0 1 0 0 0 1 ! 

F3    (pci_ad[23])        : INPUT     :  0 0 0 0 0 0 0 0 0 0 0 0 0 0 0 0 0 
F3    (pci_ad[23])        : OUTPUT3   :  0 0 0 0 0 0 0 0 0 0 0 0 0 0 0 0 0 
F3    (pci_ad[23])        : CONTROL   :  0 0 0 0 0 0 0 0 1 1 0 0 1 0 0 0 1 ! 

E2    (pci_ad[24])        : INPUT     :  0 0 0 0 0 0 0 0 0 0 0 0 0 0 0 0 0 
E2    (pci_ad[24])        : OUTPUT3   :  0 0 0 0 0 0 0 0 0 0 0 0 0 0 0 0 0 
E2    (pci_ad[24])        : CONTROL   :  0 0 0 0 0 0 0 0 1 1 0 0 1 0 0 0 1 ! 

E3    (pci_ad[25])        : INPUT     :  0 0 0 0 1 0 0 0 1 1 0 1 0 0 1 0 0 ! 
E3    (pci_ad[25])        : OUTPUT3   :  0 0 0 0 1 0 0 0 0 1 0 1 0 0 1 0 0 ! 
E3    (pci_ad[25])        : CONTROL   :  0 0 0 0 0 0 0 0 1 1 0 0 1 0 0 0 1 ! 

E4    (pci_ad[26])        : INPUT     :  0 0 0 0 0 0 0 0 0 0 0 0 0 0 0 0 0 
E4    (pci_ad[26])        : OUTPUT3   :  0 0 0 0 0 0 0 0 0 0 0 0 0 0 0 0 0 
E4    (pci_ad[26])        : CONTROL   :  0 0 0 0 0 0 0 0 1 1 0 0 1 0 0 0 1 ! 

D4    (pci_ad[27])        : INPUT     :  0 0 0 0 0 0 0 0 0 0 0 0 0 0 0 0 0 
D4    (pci_ad[27])        : OUTPUT3   :  0 0 0 0 0 0 0 0 0 0 0 0 0 0 0 0 0 
D4    (pci_ad[27])        : CONTROL   :  0 0 0 0 0 0 0 0 1 1 0 0 1 0 0 0 1 ! 

E1    (pci_ad[28])        : INPUT     :  0 0 0 0 0 0 0 0 0 0 0 0 0 0 0 0 0 
E1    (pci_ad[28])        : OUTPUT3   :  0 0 0 0 0 0 0 0 0 0 0 0 0 0 0 0 0 
E1    (pci_ad[28])        : CONTROL   :  0 0 0 0 0 0 0 0 1 1 0 0 1 0 0 0 1 ! 

D1    (pci_ad[29])        : INPUT     :  0 0 0 0 0 0 0 0 0 0 0 0 0 0 0 0 0 
D1    (pci_ad[29])        : OUTPUT3   :  0 0 0 0 0 0 0 0 0 0 0 0 0 0 0 0 0 
D1    (pci_ad[29])        : CONTROL   :  0 0 0 0 0 0 0 0 1 1 0 0 1 0 0 0 1 ! 

U3    (pci_ad[2])         : INPUT     :  0 0 0 1 0 0 0 1 0 0 0 0 0 1 0 0 0 ! 
U3    (pci_ad[2])         : OUTPUT3   :  0 0 0 1 0 0 0 1 0 0 0 0 0 1 0 0 0 ! 
U3    (pci_ad[2])         : CONTROL   :  0 0 0 0 0 0 0 0 1 1 0 0 1 0 0 0 1 ! 

D2    (pci_ad[30])        : INPUT     :  0 0 0 0 0 0 0 0 0 0 0 0 0 0 0 0 0 
D2    (pci_ad[30])        : OUTPUT3   :  0 0 0 0 0 0 0 0 0 0 0 0 0 0 0 0 0 
D2    (pci_ad[30])        : CONTROL   :  0 0 0 0 0 0 0 0 1 1 0 0 1 0 0 0 1 ! 

C1    (pci_ad[31])        : INPUT     :  0 0 0 0 0 0 0 0 0 0 0 0 0 0 0 0 0 
C1    (pci_ad[31])        : OUTPUT3   :  0 0 0 0 0 0 0 0 0 0 0 0 0 0 0 0 0 
C1    (pci_ad[31])        : CONTROL   :  0 0 0 0 0 0 0 0 1 1 0 0 1 0 0 0 1 ! 

T5    (pci_ad[3])         : INPUT     :  0 1 0 0 0 0 0 0 0 0 0 0 0 0 0 0 0 ! 
T5    (pci_ad[3])         : OUTPUT3   :  0 1 0 0 0 0 0 0 0 0 0 0 0 0 0 0 0 ! 
T5    (pci_ad[3])         : CONTROL   :  0 0 0 0 0 0 0 0 1 1 0 0 1 0 0 0 1 ! 

R1    (pci_ad[4])         : INPUT     :  0 0 0 0 0 0 0 0 1 1 0 1 0 0 0 0 0 ! 
R1    (pci_ad[4])         : OUTPUT3   :  0 0 0 0 0 0 0 0 0 1 0 1 0 0 0 0 0 ! 
R1    (pci_ad[4])         : CONTROL   :  0 0 0 0 0 0 0 0 1 1 0 0 1 0 0 0 1 ! 

R2    (pci_ad[5])         : INPUT     :  0 0 0 0 1 0 0 0 1 1 0 0 0 0 0 0 0 ! 
R2    (pci_ad[5])         : OUTPUT3   :  0 0 0 0 1 0 0 0 0 1 0 0 0 0 0 0 0 ! 
R2    (pci_ad[5])         : CONTROL   :  0 0 0 0 0 0 0 0 1 1 0 0 1 0 0 0 1 ! 

R5    (pci_ad[6])         : INPUT     :  0 1 0 1 0 1 0 1 1 1 0 1 0 1 0 0 0 ! 
R5    (pci_ad[6])         : OUTPUT3   :  0 1 0 1 0 1 0 1 0 1 0 1 0 1 0 0 0 ! 
R5    (pci_ad[6])         : CONTROL   :  0 0 0 0 0 0 0 0 1 1 0 0 1 0 0 0 1 ! 

P1    (pci_ad[7])         : INPUT     :  0 0 0 0 0 0 0 0 1 0 0 1 0 0 0 0 0 ! 
P1    (pci_ad[7])         : OUTPUT3   :  0 0 0 0 0 0 0 0 0 0 0 1 0 0 0 0 0 ! 
P1    (pci_ad[7])         : CONTROL   :  0 0 0 0 0 0 0 0 1 1 0 0 1 0 0 0 1 ! 

P2    (pci_ad[8])         : INPUT     :  0 0 0 0 0 0 0 0 1 1 0 0 0 0 1 0 0 ! 
P2    (pci_ad[8])         : OUTPUT3   :  0 0 0 0 0 0 0 0 0 1 0 0 0 0 1 0 0 ! 
P2    (pci_ad[8])         : CONTROL   :  0 0 0 0 0 0 0 0 1 1 0 0 1 0 0 0 1 ! 

P5    (pci_ad[9])         : INPUT     :  0 0 0 0 0 0 0 0 1 0 0 0 0 0 0 0 0 ! 
P5    (pci_ad[9])         : OUTPUT3   :  0 0 0 0 0 0 0 0 0 0 0 0 0 0 0 0 0 
P5    (pci_ad[9])         : CONTROL   :  0 0 0 0 0 0 0 0 1 1 0 0 1 0 0 0 1 ! 

Y1    (pci_cbe_[0])       : INPUT     :  0 1 1 1 0 1 0 1 0 0 0 0 1 1 0 1 0 ! 
Y1    (pci_cbe_[0])       : OUTPUT3   :  1 1 1 1 1 1 0 1 1 1 1 1 1 1 1 1 1 ! 
Y1    (pci_cbe_[0])       : CONTROL   :  1 0 0 0 1 0 0 0 1 1 1 1 1 0 1 0 1 ! 

Y2    (pci_cbe_[1])       : INPUT     :  0 1 1 1 0 1 0 1 0 0 0 0 1 1 0 1 0 ! 
Y2    (pci_cbe_[1])       : OUTPUT3   :  1 1 1 1 1 1 0 1 1 1 1 1 1 1 1 1 1 ! 
Y2    (pci_cbe_[1])       : CONTROL   :  1 0 0 0 1 0 0 0 1 1 1 1 1 0 1 0 1 ! 

Y3    (pci_cbe_[2])       : INPUT     :  0 1 1 1 0 1 0 1 0 0 0 0 1 1 0 1 0 ! 
Y3    (pci_cbe_[2])       : OUTPUT3   :  1 1 1 1 1 1 0 1 1 1 1 1 1 1 1 1 1 ! 
Y3    (pci_cbe_[2])       : CONTROL   :  1 0 0 0 1 0 0 0 1 1 1 1 1 0 1 0 1 ! 

Y4    (pci_cbe_[3])       : INPUT     :  0 1 1 1 0 1 0 1 0 0 0 0 1 1 0 1 0 ! 
Y4    (pci_cbe_[3])       : OUTPUT3   :  1 1 1 1 1 1 0 1 1 1 1 1 1 1 1 1 1 ! 
Y4    (pci_cbe_[3])       : CONTROL   :  1 0 0 0 1 0 0 0 1 1 1 1 1 0 1 0 1 ! 

E19   (pci_clk)           : INPUT     :  1 1 1 1 1 1 1 1 1 1 1 1 1 1 1 1 1 
E19   (pci_clk)           : OUTPUT3   :  1 1 0 1 0 1 0 0 0 1 1 0 1 1 0 1 0 ! 
E19   (pci_clk)           : CONTROL   :  0 0 0 0 0 0 0 0 0 0 0 0 0 0 0 0 0 

W4    (pci_devsel_)       : INPUT     :  0 1 1 1 0 1 1 1 1 1 0 0 1 1 0 1 1 ! 
W4    (pci_devsel_)       : OUTPUT3   :  0 1 1 1 0 1 1 1 1 1 0 0 1 1 0 1 1 ! 
W4    (pci_devsel_)       : CONTROL   :  0 1 1 1 0 1 1 1 0 1 0 0 1 1 0 1 0 ! 

W1    (pci_frame_)        : INPUT     :  0 1 1 1 1 1 1 1 0 1 0 0 1 1 0 1 1 ! 
W1    (pci_frame_)        : OUTPUT3   :  1 1 1 1 1 1 1 1 1 1 1 1 1 1 1 1 1 
W1    (pci_frame_)        : CONTROL   :  1 0 0 0 1 0 0 0 1 1 1 1 1 0 1 0 1 ! 

J1    (pci_gnt_)          : INPUT     :  1 1 1 1 1 1 1 1 1 1 1 1 1 1 1 1 1 
J1    (pci_gnt_)          : OUTPUT3   :  1 1 1 1 1 1 1 1 1 1 1 1 0 1 1 1 1 ! 
J1    (pci_gnt_)          : CONTROL   :  0 0 0 0 0 0 0 0 0 0 0 0 0 0 0 0 0 

AA5   (pci_inta_)         : INPUT     :  1 1 1 1 1 1 1 1 1 1 1 1 1 1 1 1 1 
AA5   (pci_inta_)         : OUTPUT3   :  1 1 1 1 1 1 1 1 1 1 1 1 1 1 1 1 1 
AA5   (pci_inta_)         : CONTROL   :  1 1 1 1 1 1 1 1 1 1 1 1 1 1 1 1 1 

W2    (pci_irdy_)         : INPUT     :  0 1 1 1 0 1 1 1 0 1 0 0 1 1 0 1 1 ! 
W2    (pci_irdy_)         : OUTPUT3   :  1 1 1 1 1 1 1 1 1 1 1 1 1 1 1 1 1 
W2    (pci_irdy_)         : CONTROL   :  1 1 1 1 1 1 1 1 1 1 1 1 1 1 1 1 1 

AB17  (pci_mini_33v_ena)  : INPUT     :  1 1 1 1 1 1 1 1 1 1 1 1 1 1 1 1 1 
AB17  (pci_mini_33v_ena)  : OUTPUT3   :  1 1 1 1 1 1 1 1 1 1 1 1 1 1 1 1 1 
AB17  (pci_mini_33v_ena)  : CONTROL   :  0 0 0 0 0 0 0 0 0 0 0 0 0 0 0 0 0 

U2    (pci_par)           : INPUT     :  0 0 1 1 0 1 0 0 0 1 1 0 1 0 0 0 1 ! 
U2    (pci_par)           : OUTPUT3   :  0 0 1 1 0 1 0 0 1 1 1 0 1 0 0 0 1 ! 
U2    (pci_par)           : CONTROL   :  0 0 1 0 0 0 0 0 1 1 0 0 1 0 0 0 0 ! 

V2    (pci_perr_)         : INPUT     :  1 1 1 1 1 1 1 1 1 1 1 1 1 1 1 1 1 
V2    (pci_perr_)         : OUTPUT3   :  1 1 1 1 1 1 1 1 1 1 1 1 1 1 1 1 1 
V2    (pci_perr_)         : CONTROL   :  1 1 1 1 1 1 1 1 1 1 1 1 1 1 1 1 1 

AB4   (pci_req_)          : INPUT     :  1 1 0 1 1 1 1 1 1 1 1 1 0 1 1 1 1 ! 
AB4   (pci_req_)          : OUTPUT3   :  1 1 1 1 1 1 1 1 1 1 1 1 1 1 1 1 1 
AB4   (pci_req_)          : CONTROL   :  1 1 1 1 1 1 1 1 1 1 1 1 1 1 1 1 1 

AB18  (pci_rst_)          : INPUT     :  1 1 1 1 1 1 1 1 1 1 1 1 1 1 1 1 1 
AB18  (pci_rst_)          : OUTPUT3   :  1 1 1 1 1 1 1 1 1 1 1 1 1 1 1 1 1 
AB18  (pci_rst_)          : CONTROL   :  0 0 0 0 0 0 0 0 0 0 0 0 0 0 0 0 0 

V4    (pci_serr_)         : INPUT     :  1 1 1 1 1 1 1 1 1 1 1 1 1 1 1 1 1 
V4    (pci_serr_)         : OUTPUT3   :  1 1 1 1 1 1 1 1 1 1 1 1 1 1 1 1 1 
V4    (pci_serr_)         : CONTROL   :  0 0 0 0 0 0 0 0 0 0 0 0 0 0 0 0 0 

V1    (pci_stop_)         : INPUT     :  1 1 1 1 1 1 1 1 1 1 0 1 1 1 1 1 1 ! 
V1    (pci_stop_)         : OUTPUT3   :  1 1 1 1 1 1 1 1 1 1 0 1 1 1 1 1 1 ! 
V1    (pci_stop_)         : CONTROL   :  0 1 1 1 0 1 1 1 0 1 0 0 1 1 0 1 0 ! 

W3    (pci_trdy_)         : INPUT     :  1 1 1 1 0 1 1 1 1 1 1 1 1 1 1 1 1 ! 
W3    (pci_trdy_)         : OUTPUT3   :  1 1 1 1 0 1 1 1 1 1 1 1 1 1 1 1 1 ! 
W3    (pci_trdy_)         : CONTROL   :  0 1 1 1 0 1 1 1 0 1 0 0 1 1 0 1 0 ! 

H6    (uart_cts)          : INPUT     :  1 1 1 1 1 1 1 1 1 1 1 1 1 1 1 1 1 
H6    (uart_cts)          : OUTPUT3   :  1 1 1 1 1 1 1 1 1 1 1 1 1 1 1 1 1 
H6    (uart_cts)          : CONTROL   :  1 1 1 1 1 1 1 1 1 1 1 1 1 1 1 1 1 

N6    (uart_drv_ena_)     : INPUT     :  1 1 1 1 1 1 1 1 1 1 1 1 1 1 1 1 1 
N6    (uart_drv_ena_)     : OUTPUT3   :  1 1 1 1 1 1 1 1 1 1 1 1 1 1 1 1 1 
N6    (uart_drv_ena_)     : CONTROL   :  0 0 0 0 0 0 0 0 0 0 0 0 0 0 0 0 0 

P6    (uart_drv_sd_)      : INPUT     :  1 1 1 1 1 1 1 1 1 1 1 1 1 1 1 1 1 
P6    (uart_drv_sd_)      : OUTPUT3   :  1 1 1 1 1 1 1 1 1 1 1 1 1 1 1 1 1 
P6    (uart_drv_sd_)      : CONTROL   :  0 0 0 0 0 0 0 0 0 0 0 0 0 0 0 0 0 

G6    (uart_rts)          : INPUT     :  1 1 1 1 1 1 1 1 1 1 1 1 1 1 1 1 1 
G6    (uart_rts)          : OUTPUT3   :  1 1 1 1 1 1 1 1 1 1 1 1 1 1 1 1 1 
G6    (uart_rts)          : CONTROL   :  0 0 0 0 0 0 0 0 0 0 0 0 0 0 0 0 0 

F4    (uart_rxd)          : INPUT     :  1 1 1 1 1 1 1 1 1 1 1 1 1 1 1 1 1 
F4    (uart_rxd)          : OUTPUT3   :  1 1 1 1 1 1 1 1 1 1 1 1 1 1 1 1 1 
F4    (uart_rxd)          : CONTROL   :  1 1 1 1 1 1 1 1 1 1 1 1 1 1 1 1 1 

D6    (uart_txd)          : INPUT     :  1 1 1 1 1 1 1 1 1 1 1 1 1 1 1 1 1 
D6    (uart_txd)          : OUTPUT3   :  1 1 1 1 1 1 1 1 1 1 1 1 1 1 1 1 1 
D6    (uart_txd)          : CONTROL   :  0 0 0 0 0 0 0 0 0 0 0 0 0 0 0 0 0 

